Step,price,liquidity,iteration,scenario,region,coin
1,1.0149558197136985,7193638783709.074,458,S6_worst_case_no_intervention,united_states,USDC
2,1.0104553643802312,7193638783709.074,458,S6_worst_case_no_intervention,united_states,USDC
3,1.0413015095940177,7193638783709.074,458,S6_worst_case_no_intervention,united_states,USDC
4,1.0627362530317834,7193638783709.074,458,S6_worst_case_no_intervention,united_states,USDC
5,1.0689069435839442,7193638783709.074,458,S6_worst_case_no_intervention,united_states,USDC
6,1.0580074145316438,7193638783709.074,458,S6_worst_case_no_intervention,united_states,USDC
7,1.0529415861958353,7193638783709.074,458,S6_worst_case_no_intervention,united_states,USDC
8,1.0248122750535618,7193638783709.074,458,S6_worst_case_no_intervention,united_states,USDC
9,1.0085959600730263,7193638783709.074,458,S6_worst_case_no_intervention,united_states,USDC
10,0.9924405004665449,7193638783709.074,458,S6_worst_case_no_intervention,united_states,USDC
11,0.9753663677435328,7193638783709.074,458,S6_worst_case_no_intervention,united_states,USDC
12,0.9550136227424202,7193638783709.074,458,S6_worst_case_no_intervention,united_states,USDC
13,0.9457266881846629,7191510018714.7705,458,S6_worst_case_no_intervention,united_states,USDC
14,0.9262758552005452,7187998725937.516,458,S6_worst_case_no_intervention,united_states,USDC
15,0.9402306809725245,7181761952588.607,458,S6_worst_case_no_intervention,united_states,USDC
16,0.9617395948216756,7177834548963.376,458,S6_worst_case_no_intervention,united_states,USDC
17,0.957540229130535,7176770018507.886,458,S6_worst_case_no_intervention,united_states,USDC
18,0.932807640499792,7175228447269.635,458,S6_worst_case_no_intervention,united_states,USDC
19,0.9219901737523488,7170559000110.268,458,S6_worst_case_no_intervention,united_states,USDC
20,0.9437652791357924,7164574094358.464,458,S6_worst_case_no_intervention,united_states,USDC
21,0.9379401879625193,7161465541995.239,458,S6_worst_case_no_intervention,united_states,USDC
22,0.9468547785075391,7157857876335.941,458,S6_worst_case_no_intervention,united_states,USDC
23,0.9372025131047732,7155388922402.126,458,S6_worst_case_no_intervention,united_states,USDC
24,0.9313531152930593,7151858093956.744,458,S6_worst_case_no_intervention,united_states,USDC
25,0.9453764469200396,7147785456948.533,458,S6_worst_case_no_intervention,united_states,USDC
26,0.957324864429797,7145332501194.343,458,S6_worst_case_no_intervention,united_states,USDC
27,0.9403435873463355,7144082057026.9795,458,S6_worst_case_no_intervention,united_states,USDC
28,0.9145933007030638,7141237044739.166,458,S6_worst_case_no_intervention,united_states,USDC
29,0.941010124685046,7136004923806.16,458,S6_worst_case_no_intervention,united_states,USDC
30,0.9770321067878494,7133506302881.123,458,S6_worst_case_no_intervention,united_states,USDC
31,1.0001958210844488,7133506302881.123,458,S6_worst_case_no_intervention,united_states,USDC
32,1.0076764533491234,7133506302881.123,458,S6_worst_case_no_intervention,united_states,USDC
33,1.0245725252033868,7133506302881.123,458,S6_worst_case_no_intervention,united_states,USDC
34,1.0342709560987426,7133506302881.123,458,S6_worst_case_no_intervention,united_states,USDC
35,1.0484698139692328,7133506302881.123,458,S6_worst_case_no_intervention,united_states,USDC
36,1.0130350913993107,7133506302881.123,458,S6_worst_case_no_intervention,united_states,USDC
37,1.0035187915891715,7133506302881.123,458,S6_worst_case_no_intervention,united_states,USDC
38,0.9843826296242659,7133506302881.123,458,S6_worst_case_no_intervention,united_states,USDC
39,0.9567354003583064,7133506302881.123,458,S6_worst_case_no_intervention,united_states,USDC
40,0.9622967181544249,7132422520557.658,458,S6_worst_case_no_intervention,united_states,USDC
41,0.9450428090319715,7131765091220.365,458,S6_worst_case_no_intervention,united_states,USDC
42,0.9449008368764588,7129692777275.015,458,S6_worst_case_no_intervention,united_states,USDC
43,0.9689302110431719,7127662275365.869,458,S6_worst_case_no_intervention,united_states,USDC
44,0.9873504142139515,7127645656393.393,458,S6_worst_case_no_intervention,united_states,USDC
45,0.9966428025929046,7127645656393.393,458,S6_worst_case_no_intervention,united_states,USDC
46,0.9956131010207457,7127645656393.393,458,S6_worst_case_no_intervention,united_states,USDC
47,1.0280666816829556,7127645656393.393,458,S6_worst_case_no_intervention,united_states,USDC
48,1.0286018851213208,7127645656393.393,458,S6_worst_case_no_intervention,united_states,USDC
49,0.99873119240121,7127645656393.393,458,S6_worst_case_no_intervention,united_states,USDC
50,1.0177344924315261,7127645656393.393,458,S6_worst_case_no_intervention,united_states,USDC
51,1.0265720051402871,7127645656393.393,458,S6_worst_case_no_intervention,united_states,USDC
52,1.0120949303046352,7127645656393.393,458,S6_worst_case_no_intervention,united_states,USDC
53,1.0012774670738083,7127645656393.393,458,S6_worst_case_no_intervention,united_states,USDC
54,0.993481170220753,7127645656393.393,458,S6_worst_case_no_intervention,united_states,USDC
55,0.9663700369494103,7127645656393.393,458,S6_worst_case_no_intervention,united_states,USDC
56,0.9632340773168766,7127379181499.631,458,S6_worst_case_no_intervention,united_states,USDC
57,0.9446480101368329,7126836928385.398,458,S6_worst_case_no_intervention,united_states,USDC
58,0.9537918502520403,7124819272116.027,458,S6_worst_case_no_intervention,united_states,USDC
59,0.9985566999013745,7123634695821.91,458,S6_worst_case_no_intervention,united_states,USDC
60,0.9911109400490701,7123634695821.91,458,S6_worst_case_no_intervention,united_states,USDC
61,0.982291806994823,7123634695821.91,458,S6_worst_case_no_intervention,united_states,USDC
62,0.9705778627747172,7123634695821.91,458,S6_worst_case_no_intervention,united_states,USDC
63,1.0142350880634543,7123634695821.91,458,S6_worst_case_no_intervention,united_states,USDC
64,1.016960480894157,7123634695821.91,458,S6_worst_case_no_intervention,united_states,USDC
65,1.0228198507851378,7123634695821.91,458,S6_worst_case_no_intervention,united_states,USDC
66,0.9885981185454678,7123634695821.91,458,S6_worst_case_no_intervention,united_states,USDC
67,0.9799745489310552,7123634695821.91,458,S6_worst_case_no_intervention,united_states,USDC
68,0.9897754309120566,7123634695821.91,458,S6_worst_case_no_intervention,united_states,USDC
69,0.9884331039194826,7123634695821.91,458,S6_worst_case_no_intervention,united_states,USDC
70,0.9826665745268797,7123634695821.91,458,S6_worst_case_no_intervention,united_states,USDC
71,0.993398613654721,7123634695821.91,458,S6_worst_case_no_intervention,united_states,USDC
72,0.9966346993690728,7123634695821.91,458,S6_worst_case_no_intervention,united_states,USDC
73,1.0112205535700025,7123634695821.91,458,S6_worst_case_no_intervention,united_states,USDC
74,1.0204142236853566,7123634695821.91,458,S6_worst_case_no_intervention,united_states,USDC
75,1.0044168768979176,7123634695821.91,458,S6_worst_case_no_intervention,united_states,USDC
76,1.0140364968622129,7123634695821.91,458,S6_worst_case_no_intervention,united_states,USDC
77,1.0327671452223002,7123634695821.91,458,S6_worst_case_no_intervention,united_states,USDC
78,1.0240852141212642,7123634695821.91,458,S6_worst_case_no_intervention,united_states,USDC
79,1.0158088813038235,7123634695821.91,458,S6_worst_case_no_intervention,united_states,USDC
80,0.9892104074375295,7123634695821.91,458,S6_worst_case_no_intervention,united_states,USDC
81,0.9841557026020092,7123634695821.91,458,S6_worst_case_no_intervention,united_states,USDC
82,0.9703644166150102,7123634695821.91,458,S6_worst_case_no_intervention,united_states,USDC
83,0.9731806708264216,7123634695821.91,458,S6_worst_case_no_intervention,united_states,USDC
84,0.9727718046178465,7123634695821.91,458,S6_worst_case_no_intervention,united_states,USDC
85,1.0151604626121902,7123634695821.91,458,S6_worst_case_no_intervention,united_states,USDC
86,0.9912065101000306,7123634695821.91,458,S6_worst_case_no_intervention,united_states,USDC
87,1.014287998637209,7123634695821.91,458,S6_worst_case_no_intervention,united_states,USDC
88,1.0261611129487058,7123634695821.91,458,S6_worst_case_no_intervention,united_states,USDC
89,1.0245261581367882,7123634695821.91,458,S6_worst_case_no_intervention,united_states,USDC
90,0.9821799107098921,7123634695821.91,458,S6_worst_case_no_intervention,united_states,USDC
91,1.0046198666379793,7123634695821.91,458,S6_worst_case_no_intervention,united_states,USDC
92,0.9942450762255503,7123634695821.91,458,S6_worst_case_no_intervention,united_states,USDC
93,0.9562322230477619,7123634695821.91,458,S6_worst_case_no_intervention,united_states,USDC
94,0.9455132185433055,7122619175167.499,458,S6_worst_case_no_intervention,united_states,USDC
95,0.9512552466390172,7120907639608.481,458,S6_worst_case_no_intervention,united_states,USDC
96,0.969567990778564,7119608677273.781,458,S6_worst_case_no_intervention,united_states,USDC
97,0.9451183129942209,7119598274103.598,458,S6_worst_case_no_intervention,united_states,USDC
98,0.9165040133572252,7117848751370.637,458,S6_worst_case_no_intervention,united_states,USDC
99,0.9032461678350447,7114155449062.439,458,S6_worst_case_no_intervention,united_states,USDC
100,0.9058612613386786,7109871883372.529,458,S6_worst_case_no_intervention,united_states,USDC
101,0.7701657367339808,7106112690869.949,458,S6_worst_case_no_intervention,united_states,USDC
102,0.7991804000975041,7094835813693.553,458,S6_worst_case_no_intervention,united_states,USDC
103,0.8209020222902542,7086876495571.15,458,S6_worst_case_no_intervention,united_states,USDC
104,0.8512773488000435,7081377150885.295,458,S6_worst_case_no_intervention,united_states,USDC
105,0.8326407574091915,7077492549755.482,458,S6_worst_case_no_intervention,united_states,USDC
106,0.86280114679784,7073628312852.553,458,S6_worst_case_no_intervention,united_states,USDC
107,0.8724656315101958,7071090776017.241,458,S6_worst_case_no_intervention,united_states,USDC
108,0.8742989216601559,7068981047397.68,458,S6_worst_case_no_intervention,united_states,USDC
109,0.8984321437512658,7067155820617.098,458,S6_worst_case_no_intervention,united_states,USDC
110,0.9128982083668619,7065955100632.553,458,S6_worst_case_no_intervention,united_states,USDC
111,0.9473743178228538,7064994594519.992,458,S6_worst_case_no_intervention,united_states,USDC
112,0.9821340763168876,7064678068546.781,458,S6_worst_case_no_intervention,united_states,USDC
113,0.9826489265105149,7064678068546.781,458,S6_worst_case_no_intervention,united_states,USDC
114,0.9090387560884099,7064678068546.781,458,S6_worst_case_no_intervention,united_states,USDC
115,0.9360276704297555,7063803415032.9375,458,S6_worst_case_no_intervention,united_states,USDC
116,0.9407457803362353,7063307326864.303,458,S6_worst_case_no_intervention,united_states,USDC
117,0.924362188163086,7062936845811.707,458,S6_worst_case_no_intervention,united_states,USDC
118,0.9472208060489374,7062311181424.043,458,S6_worst_case_no_intervention,united_states,USDC
119,0.9381081477407136,7062048062806.998,458,S6_worst_case_no_intervention,united_states,USDC
120,0.9651317580328473,7061640068069.2295,458,S6_worst_case_no_intervention,united_states,USDC
121,0.9068543364300461,6885061371086.533,458,S6_worst_case_no_intervention,united_states,USDC
122,0.9180561380651687,6712231555822.989,458,S6_worst_case_no_intervention,united_states,USDC
123,0.9165669041134175,6543885135282.701,458,S6_worst_case_no_intervention,united_states,USDC
124,0.9007440750667688,6379744130949.555,458,S6_worst_case_no_intervention,united_states,USDC
125,0.8589890432320788,6219579405503.839,458,S6_worst_case_no_intervention,united_states,USDC
126,0.852181841858029,6063059011472.88,458,S6_worst_case_no_intervention,united_states,USDC
127,0.8433622915246655,5910489737550.497,458,S6_worst_case_no_intervention,united_states,USDC
128,0.8659609373373595,5761809499631.86,458,S6_worst_case_no_intervention,united_states,USDC
129,0.8487850631344886,5617107168058.16,458,S6_worst_case_no_intervention,united_states,USDC
130,0.8269940821334407,5475978960228.975,458,S6_worst_case_no_intervention,united_states,USDC
131,0.8303264158158417,5338370447478.011,458,S6_worst_case_no_intervention,united_states,USDC
132,0.7951796682151473,5204306949330.099,458,S6_worst_case_no_intervention,united_states,USDC
133,0.8041768288517552,5073551891435.13,458,S6_worst_case_no_intervention,united_states,USDC
134,0.8135871174896776,4946219379330.178,458,S6_worst_case_no_intervention,united_states,USDC
135,0.7925134839007163,4822176542034.854,458,S6_worst_case_no_intervention,united_states,USDC
136,0.8316028113266986,4701266611254.283,458,S6_worst_case_no_intervention,united_states,USDC
137,0.8633380394661904,4583491241825.806,458,S6_worst_case_no_intervention,united_states,USDC
138,0.8579147389120243,4468749878764.076,458,S6_worst_case_no_intervention,united_states,USDC
139,0.8659705140416715,4356889321882.202,458,S6_worst_case_no_intervention,united_states,USDC
140,0.8563133660104882,4247841772911.717,458,S6_worst_case_no_intervention,united_states,USDC
141,0.8361882253146931,4141528586593.7217,458,S6_worst_case_no_intervention,united_states,USDC
142,0.8164024341417127,4037865178014.4097,458,S6_worst_case_no_intervention,united_states,USDC
143,0.8193209171699856,3936791738911.085,458,S6_worst_case_no_intervention,united_states,USDC
144,0.8035421005476222,3838269305389.4023,458,S6_worst_case_no_intervention,united_states,USDC
145,0.7935049634948379,3742216434915.9062,458,S6_worst_case_no_intervention,united_states,USDC
146,0.8143648380088689,3648576239341.6826,458,S6_worst_case_no_intervention,united_states,USDC
147,0.8104406350637111,3557299185132.5645,458,S6_worst_case_no_intervention,united_states,USDC
148,0.7715160502838226,3468312782928.245,458,S6_worst_case_no_intervention,united_states,USDC
149,0.7780767615633564,3381552145816.1357,458,S6_worst_case_no_intervention,united_states,USDC
150,0.7799359076725593,3296971288209.2124,458,S6_worst_case_no_intervention,united_states,USDC
151,0.7798795294949629,3214511929516.0884,458,S6_worst_case_no_intervention,united_states,USDC
152,0.7856896989455441,3134120919394.2935,458,S6_worst_case_no_intervention,united_states,USDC
153,0.797500940397992,3055746761241.6636,458,S6_worst_case_no_intervention,united_states,USDC
154,0.7920890348692745,2979337258094.513,458,S6_worst_case_no_intervention,united_states,USDC
155,0.7962878091554886,2904839381618.1943,458,S6_worst_case_no_intervention,united_states,USDC
156,0.7788019255343231,2832207102020.745,458,S6_worst_case_no_intervention,united_states,USDC
157,0.7889382453080316,2761392078790.419,458,S6_worst_case_no_intervention,united_states,USDC
158,0.7961600195616896,2692349688148.1494,458,S6_worst_case_no_intervention,united_states,USDC
159,0.8106015791983515,2625034942893.4785,458,S6_worst_case_no_intervention,united_states,USDC
160,0.7942828089324173,2559404402077.3555,458,S6_worst_case_no_intervention,united_states,USDC
161,0.7994778041776902,2495414867173.2637,458,S6_worst_case_no_intervention,united_states,USDC
162,0.7941563980805032,2433026034565.756,458,S6_worst_case_no_intervention,united_states,USDC
163,0.7548294886001026,2372197477821.746,458,S6_worst_case_no_intervention,united_states,USDC
164,0.7519031103127559,2312889467083.4297,458,S6_worst_case_no_intervention,united_states,USDC
165,0.7615152591556537,2255064841193.474,458,S6_worst_case_no_intervention,united_states,USDC
166,0.7739709579372334,2198686395550.979,458,S6_worst_case_no_intervention,united_states,USDC
167,0.7802598914843769,2143717934446.2761,458,S6_worst_case_no_intervention,united_states,USDC
168,0.7901645121212267,2090123904089.8643,458,S6_worst_case_no_intervention,united_states,USDC
169,0.8099661524358319,2037870013748.3442,458,S6_worst_case_no_intervention,united_states,USDC
170,0.8088901173614891,1986922695929.1133,458,S6_worst_case_no_intervention,united_states,USDC
171,0.8103264367113852,1937249135867.6035,458,S6_worst_case_no_intervention,united_states,USDC
172,0.8155155189346934,1888817480045.6318,458,S6_worst_case_no_intervention,united_states,USDC
173,0.8126147564019602,1841596718209.8992,458,S6_worst_case_no_intervention,united_states,USDC
174,0.8176950259377695,1795556501011.1953,458,S6_worst_case_no_intervention,united_states,USDC
175,0.8048041739966779,1750667360406.822,458,S6_worst_case_no_intervention,united_states,USDC
176,0.7896472227541117,1706900456459.6897,458,S6_worst_case_no_intervention,united_states,USDC
177,0.7916179677713007,1664227741074.0464,458,S6_worst_case_no_intervention,united_states,USDC
178,0.7734464473124173,1622621892905.3147,458,S6_worst_case_no_intervention,united_states,USDC
179,0.762853905964273,1582056204576.5364,458,S6_worst_case_no_intervention,united_states,USDC
180,0.7715709864744201,1542504676766.374,458,S6_worst_case_no_intervention,united_states,USDC
181,0.7728092254094521,1503941964668.8228,458,S6_worst_case_no_intervention,united_states,USDC
182,0.7878012625606513,1466343342838.897,458,S6_worst_case_no_intervention,united_states,USDC
183,0.7862291811381227,1429684702728.086,458,S6_worst_case_no_intervention,united_states,USDC
184,0.8126746400661435,1393942539539.047,458,S6_worst_case_no_intervention,united_states,USDC
185,0.8311616013162922,1359093943507.4058,458,S6_worst_case_no_intervention,united_states,USDC
186,0.8255288760429103,1325116570766.8699,458,S6_worst_case_no_intervention,united_states,USDC
187,0.8216093755070648,1291988634913.639,458,S6_worst_case_no_intervention,united_states,USDC
188,0.8087042487356202,1259688900867.327,458,S6_worst_case_no_intervention,united_states,USDC
189,0.803169483050485,1228196660350.3215,458,S6_worst_case_no_intervention,united_states,USDC
190,0.7989617029085045,1197491728626.503,458,S6_worst_case_no_intervention,united_states,USDC
191,0.8070106349350193,1167554422435.7407,458,S6_worst_case_no_intervention,united_states,USDC
192,0.791951871232386,1138365552068.2483,458,S6_worst_case_no_intervention,united_states,USDC
193,0.7586108853186567,1109906403862.391,458,S6_worst_case_no_intervention,united_states,USDC
194,0.7580580134215313,1082158734433.3303,458,S6_worst_case_no_intervention,united_states,USDC
195,0.7765613598951951,1055104758892.0599,458,S6_worst_case_no_intervention,united_states,USDC
196,0.7665911759613786,1028727134876.1348,458,S6_worst_case_no_intervention,united_states,USDC
197,0.7593246489588232,1003008952300.3315,458,S6_worst_case_no_intervention,united_states,USDC
198,0.7753431740354874,977933724858.8185,458,S6_worst_case_no_intervention,united_states,USDC
199,0.7714799245624216,953485379144.3901,458,S6_worst_case_no_intervention,united_states,USDC
200,0.7728842414790488,929648242490.5721,458,S6_worst_case_no_intervention,united_states,USDC
201,0.7687307946877913,906407034668.2144,458,S6_worst_case_no_intervention,united_states,USDC
202,0.7626632206799006,883746857369.5374,458,S6_worst_case_no_intervention,united_states,USDC
203,0.7763834732919132,861653184766.2412,458,S6_worst_case_no_intervention,united_states,USDC
204,0.7875699502897978,840111854322.2437,458,S6_worst_case_no_intervention,united_states,USDC
205,0.8068254639356512,819109057336.4055,458,S6_worst_case_no_intervention,united_states,USDC
206,0.7736576317321877,798631330433.663,458,S6_worst_case_no_intervention,united_states,USDC
207,0.7823093907409172,778665546709.773,458,S6_worst_case_no_intervention,united_states,USDC
208,0.7849873599862716,759198907671.4397,458,S6_worst_case_no_intervention,united_states,USDC
209,0.79954891237038,740218934690.9658,458,S6_worst_case_no_intervention,united_states,USDC
210,0.8088531992343504,721713461115.9688,458,S6_worst_case_no_intervention,united_states,USDC
211,0.8046509182050144,703670624413.9258,458,S6_worst_case_no_intervention,united_states,USDC
212,0.8093228689619956,686078858663.3794,458,S6_worst_case_no_intervention,united_states,USDC
213,0.7797088967299951,668926887080.0336,458,S6_worst_case_no_intervention,united_states,USDC
214,0.7598803944879193,652203714788.9741,458,S6_worst_case_no_intervention,united_states,USDC
215,0.7576855109663985,635898621812.4596,458,S6_worst_case_no_intervention,united_states,USDC
216,0.7567427085137683,620001156185.3594,458,S6_worst_case_no_intervention,united_states,USDC
217,0.7712424775020178,604501127211.5833,458,S6_worst_case_no_intervention,united_states,USDC
218,0.7868665141782623,589388598982.9984,458,S6_worst_case_no_intervention,united_states,USDC
219,0.8135783241913679,574653883972.6685,458,S6_worst_case_no_intervention,united_states,USDC
220,0.7901660845438212,560287536848.3823,458,S6_worst_case_no_intervention,united_states,USDC
221,0.8046474484152506,546280348403.3721,458,S6_worst_case_no_intervention,united_states,USDC
222,0.8029087277159119,532623339674.1052,458,S6_worst_case_no_intervention,united_states,USDC
223,0.8117752285954069,519307756166.4812,458,S6_worst_case_no_intervention,united_states,USDC
224,0.8133673684742238,506325062249.66504,458,S6_worst_case_no_intervention,united_states,USDC
225,0.7991197577635935,493666935683.56464,458,S6_worst_case_no_intervention,united_states,USDC
226,0.8203433323200297,481325262281.7752,458,S6_worst_case_no_intervention,united_states,USDC
227,0.8235324886628238,469292130718.0142,458,S6_worst_case_no_intervention,united_states,USDC
228,0.8025337944196116,457559827444.3429,458,S6_worst_case_no_intervention,united_states,USDC
229,0.8229362071104193,446120831752.6697,458,S6_worst_case_no_intervention,united_states,USDC
230,0.8389252814955085,434967810954.86444,458,S6_worst_case_no_intervention,united_states,USDC
231,0.8417335000749943,424093615678.02856,458,S6_worst_case_no_intervention,united_states,USDC
232,0.8369169312008631,413491275283.43884,458,S6_worst_case_no_intervention,united_states,USDC
233,0.8308451439164279,403153993398.91504,458,S6_worst_case_no_intervention,united_states,USDC
234,0.7965116141079928,393075143561.8764,458,S6_worst_case_no_intervention,united_states,USDC
235,0.819206888339814,383248264970.5525,458,S6_worst_case_no_intervention,united_states,USDC
236,0.7968696532190587,373667058344.6511,458,S6_worst_case_no_intervention,united_states,USDC
237,0.7926003182461314,364325381884.4013,458,S6_worst_case_no_intervention,united_states,USDC
238,0.8247559700019772,355217247335.9624,458,S6_worst_case_no_intervention,united_states,USDC
239,0.8296475028581607,346336816151.6245,458,S6_worst_case_no_intervention,united_states,USDC
240,0.8271949337069429,337678395747.0932,458,S6_worst_case_no_intervention,united_states,USDC
241,0.8190383737008503,329236435852.7645,458,S6_worst_case_no_intervention,united_states,USDC
242,0.7967129911490067,321005524955.8395,458,S6_worst_case_no_intervention,united_states,USDC
243,0.8280323064714793,312980386831.32684,458,S6_worst_case_no_intervention,united_states,USDC
244,0.8166506658754871,305155877160.13654,458,S6_worst_case_no_intervention,united_states,USDC
245,0.8085337052101994,297526980230.74927,458,S6_worst_case_no_intervention,united_states,USDC
246,0.8040529422109578,290088805724.6477,458,S6_worst_case_no_intervention,united_states,USDC
247,0.7969240478301823,282836585581.2497,458,S6_worst_case_no_intervention,united_states,USDC
248,0.7869704906024938,275765670941.4634,458,S6_worst_case_no_intervention,united_states,USDC
249,0.7789283322988048,268871529167.71817,458,S6_worst_case_no_intervention,united_states,USDC
250,0.7820177717337884,262149740938.346,458,S6_worst_case_no_intervention,united_states,USDC
251,0.7570801427026481,255595997414.73822,458,S6_worst_case_no_intervention,united_states,USDC
252,0.7804759645518822,249206097479.22986,458,S6_worst_case_no_intervention,united_states,USDC
253,0.7601244493842061,242975945042.15192,458,S6_worst_case_no_intervention,united_states,USDC
254,0.7533626028048145,236901546416.0131,458,S6_worst_case_no_intervention,united_states,USDC
255,0.7332692160088821,230979007755.5451,458,S6_worst_case_no_intervention,united_states,USDC
256,0.750242807311813,225204532561.5995,458,S6_worst_case_no_intervention,united_states,USDC
257,0.7574363986581611,219574419247.51807,458,S6_worst_case_no_intervention,united_states,USDC
258,0.7627111077845817,214085058766.29932,458,S6_worst_case_no_intervention,united_states,USDC
259,0.7440790330564464,208732932297.117,458,S6_worst_case_no_intervention,united_states,USDC
260,0.7753300013485637,203514608989.66815,458,S6_worst_case_no_intervention,united_states,USDC
261,0.7695296195198796,198426743764.91272,458,S6_worst_case_no_intervention,united_states,USDC
262,0.7642099205149933,193466075170.77847,458,S6_worst_case_no_intervention,united_states,USDC
263,0.7574707918822429,188629423291.49933,458,S6_worst_case_no_intervention,united_states,USDC
264,0.7929352903423995,183913687709.20377,458,S6_worst_case_no_intervention,united_states,USDC
265,0.772034687967234,179315845516.46826,458,S6_worst_case_no_intervention,united_states,USDC
266,0.7820802832282122,174832949378.55182,458,S6_worst_case_no_intervention,united_states,USDC
267,0.7989084501233689,170462125644.08432,458,S6_worst_case_no_intervention,united_states,USDC
268,0.8074084922080889,166200572502.9796,458,S6_worst_case_no_intervention,united_states,USDC
269,0.8052327986268569,162045558190.40305,458,S6_worst_case_no_intervention,united_states,USDC
270,0.8141008334005381,157994419235.64117,458,S6_worst_case_no_intervention,united_states,USDC
271,0.8096528736051015,154044558754.74875,458,S6_worst_case_no_intervention,united_states,USDC
272,0.813695734345115,150193444785.87872,458,S6_worst_case_no_intervention,united_states,USDC
273,0.8102940343188106,146438608666.2307,458,S6_worst_case_no_intervention,united_states,USDC
274,0.7900500495430351,142777643449.57407,458,S6_worst_case_no_intervention,united_states,USDC
275,0.8024072136241506,139208202363.33383,458,S6_worst_case_no_intervention,united_states,USDC
276,0.8094455430723869,135727997304.24982,458,S6_worst_case_no_intervention,united_states,USDC
277,0.7915204504223302,132334797371.64307,458,S6_worst_case_no_intervention,united_states,USDC
278,0.8153250799917019,129026427437.35153,458,S6_worst_case_no_intervention,united_states,USDC
279,0.7906374385694892,125800766751.41742,458,S6_worst_case_no_intervention,united_states,USDC
280,0.8059297618452852,122655747582.63162,458,S6_worst_case_no_intervention,united_states,USDC
281,0.8087968311760068,119589353893.06561,458,S6_worst_case_no_intervention,united_states,USDC
282,0.8034147608773741,116599620045.73875,458,S6_worst_case_no_intervention,united_states,USDC
283,0.8261604163807936,113684629544.59511,458,S6_worst_case_no_intervention,united_states,USDC
284,0.8331473662543711,110842513805.98009,458,S6_worst_case_no_intervention,united_states,USDC
285,0.8395514668450247,108071450960.83049,458,S6_worst_case_no_intervention,united_states,USDC
286,0.8344377681033398,105369664686.80963,458,S6_worst_case_no_intervention,united_states,USDC
287,0.8046899775060202,102735423069.63933,458,S6_worst_case_no_intervention,united_states,USDC
288,0.7807339877559927,100167037492.89825,458,S6_worst_case_no_intervention,united_states,USDC
289,0.7695837798250107,97662861555.57571,458,S6_worst_case_no_intervention,united_states,USDC
290,0.7680574677302754,95221290016.68625,458,S6_worst_case_no_intervention,united_states,USDC
291,0.772995166396563,92840757766.26904,458,S6_worst_case_no_intervention,united_states,USDC
292,0.7845596593940061,90519738822.11227,458,S6_worst_case_no_intervention,united_states,USDC
293,0.7967878356563785,88256745351.55942,458,S6_worst_case_no_intervention,united_states,USDC
294,0.8121805962968681,86050326717.77042,458,S6_worst_case_no_intervention,united_states,USDC
295,0.8255672208083018,83899068549.82614,458,S6_worst_case_no_intervention,united_states,USDC
296,0.81674728038724,81801591836.08047,458,S6_worst_case_no_intervention,united_states,USDC
297,0.791499247125532,79756552040.17845,458,S6_worst_case_no_intervention,united_states,USDC
298,0.7889731088344387,77762638239.17398,458,S6_worst_case_no_intervention,united_states,USDC
299,0.7756065940499495,75818572283.19463,458,S6_worst_case_no_intervention,united_states,USDC
300,0.7714601250417986,73923107976.11475,458,S6_worst_case_no_intervention,united_states,USDC
301,0.765110639157928,72075030276.71185,458,S6_worst_case_no_intervention,united_states,USDC
302,0.7790073074937006,70273154519.79405,458,S6_worst_case_no_intervention,united_states,USDC
303,0.7506374636338715,68516325656.799194,458,S6_worst_case_no_intervention,united_states,USDC
304,0.7591607520650587,66803417515.37921,458,S6_worst_case_no_intervention,united_states,USDC
305,0.7764064105118208,65133332077.494736,458,S6_worst_case_no_intervention,united_states,USDC
306,0.7747591389586478,63504998775.55736,458,S6_worst_case_no_intervention,united_states,USDC
307,0.7854617442045099,61917373806.168434,458,S6_worst_case_no_intervention,united_states,USDC
308,0.7796738357722846,60369439461.01421,458,S6_worst_case_no_intervention,united_states,USDC
309,0.7797674791603489,58860203474.48886,458,S6_worst_case_no_intervention,united_states,USDC
310,0.78023902173624,57388698387.62665,458,S6_worst_case_no_intervention,united_states,USDC
311,0.7917063793733635,55953980927.935974,458,S6_worst_case_no_intervention,united_states,USDC
312,0.777613089108521,54555131404.73758,458,S6_worst_case_no_intervention,united_states,USDC
313,0.7875900823515112,53191253119.61914,458,S6_worst_case_no_intervention,united_states,USDC
314,0.8180300888478501,51861471791.62866,458,S6_worst_case_no_intervention,united_states,USDC
315,0.821585709764183,50564934996.837944,458,S6_worst_case_no_intervention,united_states,USDC
316,0.8131889035847605,49300811621.91699,458,S6_worst_case_no_intervention,united_states,USDC
317,0.8141471268832781,48068291331.36907,458,S6_worst_case_no_intervention,united_states,USDC
318,0.8146356448079491,46866584048.08484,458,S6_worst_case_no_intervention,united_states,USDC
319,0.7956829905955197,45694919446.88272,458,S6_worst_case_no_intervention,united_states,USDC
320,0.7996497770123849,44552546460.71065,458,S6_worst_case_no_intervention,united_states,USDC
321,0.8190730734196555,43438732799.19289,458,S6_worst_case_no_intervention,united_states,USDC
322,0.8207809735864269,42352764479.213066,458,S6_worst_case_no_intervention,united_states,USDC
323,0.8057467914571051,41293945367.232735,458,S6_worst_case_no_intervention,united_states,USDC
324,0.8108833073240315,40261596733.05192,458,S6_worst_case_no_intervention,united_states,USDC
325,0.8028114421255989,39255056814.72562,458,S6_worst_case_no_intervention,united_states,USDC
326,0.7905564917778034,38273680394.35748,458,S6_worst_case_no_intervention,united_states,USDC
327,0.7986676800886038,37316838384.49854,458,S6_worst_case_no_intervention,united_states,USDC
328,0.7795548975518481,36383917424.88608,458,S6_worst_case_no_intervention,united_states,USDC
329,0.794927060880936,35474319489.26393,458,S6_worst_case_no_intervention,united_states,USDC
330,0.7754032575086154,34587461502.03233,458,S6_worst_case_no_intervention,united_states,USDC
331,0.7824750100356,33722774964.48152,458,S6_worst_case_no_intervention,united_states,USDC
332,0.7833671327387783,32879705590.369488,458,S6_worst_case_no_intervention,united_states,USDC
333,0.7982263947769735,32057712950.610252,458,S6_worst_case_no_intervention,united_states,USDC
334,0.7892854738122574,31256270126.844994,458,S6_worst_case_no_intervention,united_states,USDC
335,0.7938235289505058,30474863373.673866,458,S6_worst_case_no_intervention,united_states,USDC
336,0.8025774820284305,29712991789.332024,458,S6_worst_case_no_intervention,united_states,USDC
337,0.792186565543153,28970166994.598724,458,S6_worst_case_no_intervention,united_states,USDC
338,0.7907672450094756,28245912819.733753,458,S6_worst_case_no_intervention,united_states,USDC
339,0.7835884034565391,27539764999.240414,458,S6_worst_case_no_intervention,united_states,USDC
340,0.780345321468317,26851270874.2594,458,S6_worst_case_no_intervention,united_states,USDC
341,0.755884631662251,26179989102.402916,458,S6_worst_case_no_intervention,united_states,USDC
342,0.7422065347366322,25525489374.842842,458,S6_worst_case_no_intervention,united_states,USDC
343,0.7460041592868656,24887352140.47177,458,S6_worst_case_no_intervention,united_states,USDC
344,0.7225193970422767,24265168336.959976,458,S6_worst_case_no_intervention,united_states,USDC
345,0.7298543201578556,23658539128.535976,458,S6_worst_case_no_intervention,united_states,USDC
346,0.7415634512168211,23067075650.32258,458,S6_worst_case_no_intervention,united_states,USDC
347,0.7284743533463032,22490398759.064514,458,S6_worst_case_no_intervention,united_states,USDC
348,0.7312682158952396,21928138790.087902,458,S6_worst_case_no_intervention,united_states,USDC
349,0.7498590584151997,21379935320.3357,458,S6_worst_case_no_intervention,united_states,USDC
350,0.7590464748404825,20845436937.32731,458,S6_worst_case_no_intervention,united_states,USDC
351,0.7650379625854504,20324301013.894127,458,S6_worst_case_no_intervention,united_states,USDC
352,0.7893304060716206,19816193488.546776,458,S6_worst_case_no_intervention,united_states,USDC
353,0.7877085258259956,19320788651.333103,458,S6_worst_case_no_intervention,united_states,USDC
354,0.7958457859946559,18837768935.049778,458,S6_worst_case_no_intervention,united_states,USDC
355,0.8012938937988074,18366824711.67353,458,S6_worst_case_no_intervention,united_states,USDC
356,0.7936464875808448,17907654093.88169,458,S6_worst_case_no_intervention,united_states,USDC
357,0.8096166511332137,17459962741.53465,458,S6_worst_case_no_intervention,united_states,USDC
358,0.8000646696653444,17023463672.996284,458,S6_worst_case_no_intervention,united_states,USDC
359,0.7716760305915034,16597877081.17138,458,S6_worst_case_no_intervention,united_states,USDC
360,0.7534130329611193,16182930154.142094,458,S6_worst_case_no_intervention,united_states,USDC
361,0.7662576984072257,15778356900.28854,458,S6_worst_case_no_intervention,united_states,USDC
362,0.7557001092715022,15383897977.781326,458,S6_worst_case_no_intervention,united_states,USDC
363,0.7845190876376847,14999300528.336796,458,S6_worst_case_no_intervention,united_states,USDC
364,0.805629779179336,14624318015.128374,458,S6_worst_case_no_intervention,united_states,USDC
365,0.799235181611511,14258710064.750166,458,S6_worst_case_no_intervention,united_states,USDC
366,0.7689889027536637,13902242313.131413,458,S6_worst_case_no_intervention,united_states,USDC
367,0.7615537249727249,13554686255.303127,458,S6_worst_case_no_intervention,united_states,USDC
368,0.7598633753100652,13215819098.92055,458,S6_worst_case_no_intervention,united_states,USDC
369,0.767225772768579,12885423621.447535,458,S6_worst_case_no_intervention,united_states,USDC
370,0.7518111836715137,12563288030.911346,458,S6_worst_case_no_intervention,united_states,USDC
371,0.7386993783094117,12249205830.138563,458,S6_worst_case_no_intervention,united_states,USDC
372,0.7352446878536508,11942975684.385098,458,S6_worst_case_no_intervention,united_states,USDC
373,0.7308064835846128,11644401292.27547,458,S6_worst_case_no_intervention,united_states,USDC
374,0.734657735412857,11353291259.968584,458,S6_worst_case_no_intervention,united_states,USDC
375,0.753764935624229,11069458978.46937,458,S6_worst_case_no_intervention,united_states,USDC
376,0.7645205127876216,10792722504.007635,458,S6_worst_case_no_intervention,united_states,USDC
377,0.7647072625905856,10522904441.407444,458,S6_worst_case_no_intervention,united_states,USDC
378,0.7566672616556253,10259831830.372257,458,S6_worst_case_no_intervention,united_states,USDC
379,0.7534462016033033,10003336034.612951,458,S6_worst_case_no_intervention,united_states,USDC
380,0.7433910043501567,9753252633.747627,458,S6_worst_case_no_intervention,united_states,USDC
381,0.7687255839032494,9509421317.903938,458,S6_worst_case_no_intervention,united_states,USDC
382,0.7947376214911296,9271685784.95634,458,S6_worst_case_no_intervention,united_states,USDC
383,0.7872876372560187,9039893640.332432,458,S6_worst_case_no_intervention,united_states,USDC
384,0.7604057154754503,8813896299.324121,458,S6_worst_case_no_intervention,united_states,USDC
385,0.7613741030042236,8593548891.841019,458,S6_worst_case_no_intervention,united_states,USDC
386,0.78082087003692,8378710169.544993,458,S6_worst_case_no_intervention,united_states,USDC
387,0.7601413775280216,8169242415.306368,458,S6_worst_case_no_intervention,united_states,USDC
388,0.7540091336745272,7965011354.923709,458,S6_worst_case_no_intervention,united_states,USDC
389,0.7623286159056519,7765886071.050615,458,S6_worst_case_no_intervention,united_states,USDC
390,0.7720521138490233,7571738919.274351,458,S6_worst_case_no_intervention,united_states,USDC
391,0.7544231409277709,7382445446.292491,458,S6_worst_case_no_intervention,united_states,USDC
392,0.7735385147480066,7197884310.1351795,458,S6_worst_case_no_intervention,united_states,USDC
393,0.7550393877539118,7017937202.3818,458,S6_worst_case_no_intervention,united_states,USDC
394,0.7744409106804139,6842488772.322255,458,S6_worst_case_no_intervention,united_states,USDC
395,0.7546071881229106,6671426553.014198,458,S6_worst_case_no_intervention,united_states,USDC
396,0.7351725942317451,6504640889.188843,458,S6_worst_case_no_intervention,united_states,USDC
397,0.7478446962955527,6342024866.959122,458,S6_worst_case_no_intervention,united_states,USDC
398,0.7333280582995322,6183474245.285144,458,S6_worst_case_no_intervention,united_states,USDC
399,0.7413417380084125,6028887389.153015,458,S6_worst_case_no_intervention,united_states,USDC
400,0.7572153370866165,5878165204.42419,458,S6_worst_case_no_intervention,united_states,USDC
401,0.7655631495448145,5731211074.313585,458,S6_worst_case_no_intervention,united_states,USDC
402,0.7636387601220571,5587930797.455746,458,S6_worst_case_no_intervention,united_states,USDC
403,0.7812332871044352,5448232527.519352,458,S6_worst_case_no_intervention,united_states,USDC
404,0.7761301456806458,5312026714.3313675,458,S6_worst_case_no_intervention,united_states,USDC
405,0.7921984984620082,5179226046.4730835,458,S6_worst_case_no_intervention,united_states,USDC
406,0.7699492955014398,5049745395.311256,458,S6_worst_case_no_intervention,united_states,USDC
407,0.7587321888660855,4923501760.428475,458,S6_worst_case_no_intervention,united_states,USDC
408,0.7504020338666462,4800414216.417764,458,S6_worst_case_no_intervention,united_states,USDC
409,0.7582651185160578,4680403861.007319,458,S6_worst_case_no_intervention,united_states,USDC
410,0.7697742088963738,4563393764.482136,458,S6_worst_case_no_intervention,united_states,USDC
411,0.7831569923392646,4449308920.370083,458,S6_worst_case_no_intervention,united_states,USDC
412,0.7768072724260646,4338076197.360831,458,S6_worst_case_no_intervention,united_states,USDC
413,0.7701640957360048,4229624292.4268103,458,S6_worst_case_no_intervention,united_states,USDC
414,0.786498407511883,4123883685.1161394,458,S6_worst_case_no_intervention,united_states,USDC
415,0.781933418778562,4020786592.9882364,458,S6_worst_case_no_intervention,united_states,USDC
416,0.7905513797540842,3920266928.1635303,458,S6_worst_case_no_intervention,united_states,USDC
417,0.7867928847805,3822260254.959442,458,S6_worst_case_no_intervention,united_states,USDC
418,0.7786547072953311,3726703748.585456,458,S6_worst_case_no_intervention,united_states,USDC
419,0.7618279785945847,3633536154.8708196,458,S6_worst_case_no_intervention,united_states,USDC
420,0.7684217959906329,3542697750.999049,458,S6_worst_case_no_intervention,united_states,USDC
421,0.7580584886202827,3454130307.2240734,458,S6_worst_case_no_intervention,united_states,USDC
422,0.7591035940532863,3367777049.5434713,458,S6_worst_case_no_intervention,united_states,USDC
423,0.7540745972873264,3283582623.304885,458,S6_worst_case_no_intervention,united_states,USDC
424,0.7619200693158679,3201493057.7222624,458,S6_worst_case_no_intervention,united_states,USDC
425,0.7759752708588205,3121455731.2792063,458,S6_worst_case_no_intervention,united_states,USDC
426,0.7919195174962863,3043419337.9972258,458,S6_worst_case_no_intervention,united_states,USDC
427,0.7995016699784416,2967333854.547295,458,S6_worst_case_no_intervention,united_states,USDC
428,0.8016023401790134,2893150508.183613,458,S6_worst_case_no_intervention,united_states,USDC
429,0.7856875544730693,2820821745.4790225,458,S6_worst_case_no_intervention,united_states,USDC
430,0.7773714731585618,2750301201.8420467,458,S6_worst_case_no_intervention,united_states,USDC
431,0.7668675499269499,2681543671.7959957,458,S6_worst_case_no_intervention,united_states,USDC
432,0.7536993417222948,2614505080.001096,458,S6_worst_case_no_intervention,united_states,USDC
433,0.7512709280468347,2549142453.001068,458,S6_worst_case_no_intervention,united_states,USDC
434,0.7656887985577558,2485413891.6760416,458,S6_worst_case_no_intervention,united_states,USDC
435,0.7856309351434502,2423278544.384141,458,S6_worst_case_no_intervention,united_states,USDC
436,0.799776761072195,2362696580.774537,458,S6_worst_case_no_intervention,united_states,USDC
437,0.7753538176137229,2303629166.2551737,458,S6_worst_case_no_intervention,united_states,USDC
438,0.7864838395530296,2246038437.0987945,458,S6_worst_case_no_intervention,united_states,USDC
439,0.8093297758788964,2189887476.1713247,458,S6_worst_case_no_intervention,united_states,USDC
440,0.8108952474550867,2135140289.2670412,458,S6_worst_case_no_intervention,united_states,USDC
441,0.7879186109166089,2081761782.0353656,458,S6_worst_case_no_intervention,united_states,USDC
442,0.8099426635477048,2029717737.4844813,458,S6_worst_case_no_intervention,united_states,USDC
443,0.7932951362462739,1978974794.0473692,458,S6_worst_case_no_intervention,united_states,USDC
444,0.8248884896321454,1929500424.196185,458,S6_worst_case_no_intervention,united_states,USDC
445,0.8182334150503565,1881262913.5912805,458,S6_worst_case_no_intervention,united_states,USDC
446,0.8095510953615127,1834231340.7514985,458,S6_worst_case_no_intervention,united_states,USDC
447,0.8130877000123284,1788375557.2327108,458,S6_worst_case_no_intervention,united_states,USDC
448,0.8286123581836329,1743666168.301893,458,S6_worst_case_no_intervention,united_states,USDC
449,0.8116769782811188,1700074514.0943458,458,S6_worst_case_no_intervention,united_states,USDC
450,0.7884264836887668,1657572651.241987,458,S6_worst_case_no_intervention,united_states,USDC
451,0.7865416109240855,1616133334.9609375,458,S6_worst_case_no_intervention,united_states,USDC
452,0.7715130897919136,1575730001.5869138,458,S6_worst_case_no_intervention,united_states,USDC
453,0.7812629249848319,1536336751.547241,458,S6_worst_case_no_intervention,united_states,USDC
454,0.7694326335944056,1497928332.75856,458,S6_worst_case_no_intervention,united_states,USDC
455,0.7900635598636132,1460480124.4395962,458,S6_worst_case_no_intervention,united_states,USDC
456,0.783957465047213,1423968121.3286061,458,S6_worst_case_no_intervention,united_states,USDC
457,0.7790507938548233,1388368918.295391,458,S6_worst_case_no_intervention,united_states,USDC
458,0.7753567321380834,1353659695.3380063,458,S6_worst_case_no_intervention,united_states,USDC
459,0.7846845527086097,1319818202.954556,458,S6_worst_case_no_intervention,united_states,USDC
460,0.791948123786861,1286822747.880692,458,S6_worst_case_no_intervention,united_states,USDC
461,0.7601178705800868,1254652179.1836748,458,S6_worst_case_no_intervention,united_states,USDC
462,0.7307868226601018,1223285874.704083,458,S6_worst_case_no_intervention,united_states,USDC
463,0.7430471998588715,1192703727.836481,458,S6_worst_case_no_intervention,united_states,USDC
464,0.7619400045003465,1162886134.640569,458,S6_worst_case_no_intervention,united_states,USDC
465,0.793714307175882,1133813981.2745547,458,S6_worst_case_no_intervention,united_states,USDC
466,0.7922163340643503,1105468631.742691,458,S6_worst_case_no_intervention,united_states,USDC
467,0.7942721965014746,1077831915.9491236,458,S6_worst_case_no_intervention,united_states,USDC
468,0.820034062738609,1050886118.0503955,458,S6_worst_case_no_intervention,united_states,USDC
469,0.8099349557083682,1024613965.0991356,458,S6_worst_case_no_intervention,united_states,USDC
470,0.8337376096316735,998998615.9716573,458,S6_worst_case_no_intervention,united_states,USDC
471,0.8378787359519183,974023650.5723659,458,S6_worst_case_no_intervention,united_states,USDC
472,0.8338577653541933,949673059.3080566,458,S6_worst_case_no_intervention,united_states,USDC
473,0.8230008668576541,925931232.8253553,458,S6_worst_case_no_intervention,united_states,USDC
474,0.8068107633344365,902782952.0047214,458,S6_worst_case_no_intervention,united_states,USDC
475,0.8100190408171243,880213378.2046033,458,S6_worst_case_no_intervention,united_states,USDC
476,0.8461716205031521,858208043.7494884,458,S6_worst_case_no_intervention,united_states,USDC
477,0.8405688982259698,836752842.655751,458,S6_worst_case_no_intervention,united_states,USDC
478,0.8223714613953453,815834021.5893573,458,S6_worst_case_no_intervention,united_states,USDC
479,0.7986469308468063,795438171.0496233,458,S6_worst_case_no_intervention,united_states,USDC
480,0.7949279038199767,775552216.7733827,458,S6_worst_case_no_intervention,united_states,USDC
481,0.807104860719019,756163411.354048,458,S6_worst_case_no_intervention,united_states,USDC
482,0.7885571657399327,737259326.0701969,458,S6_worst_case_no_intervention,united_states,USDC
483,0.8092726543212819,718827842.918442,458,S6_worst_case_no_intervention,united_states,USDC
484,0.7862584028610163,700857146.845481,458,S6_worst_case_no_intervention,united_states,USDC
485,0.7531046867270108,683335718.174344,458,S6_worst_case_no_intervention,united_states,USDC
486,0.7371874708664525,666252325.2199854,458,S6_worst_case_no_intervention,united_states,USDC
487,0.7405810047210009,649596017.0894858,458,S6_worst_case_no_intervention,united_states,USDC
488,0.7654287258749063,633356116.6622486,458,S6_worst_case_no_intervention,united_states,USDC
489,0.7848915909190055,617522213.7456924,458,S6_worst_case_no_intervention,united_states,USDC
490,0.7755441520365274,602084158.40205,458,S6_worst_case_no_intervention,united_states,USDC
491,0.7817220240437404,587032054.4419988,458,S6_worst_case_no_intervention,united_states,USDC
492,0.7862784309561212,572356253.0809488,458,S6_worst_case_no_intervention,united_states,USDC
493,0.779045343043285,558047346.7539251,458,S6_worst_case_no_intervention,united_states,USDC
494,0.7833435377246886,544096163.085077,458,S6_worst_case_no_intervention,united_states,USDC
495,0.7727558093047625,530493759.00795007,458,S6_worst_case_no_intervention,united_states,USDC
496,0.7671503670970934,517231415.0327513,458,S6_worst_case_no_intervention,united_states,USDC
497,0.7676424759118181,504300629.6569326,458,S6_worst_case_no_intervention,united_states,USDC
498,0.7516263125622409,491693113.9155092,458,S6_worst_case_no_intervention,united_states,USDC
499,0.7484242187281965,479400786.0676215,458,S6_worst_case_no_intervention,united_states,USDC
500,0.7555169337422772,467415766.415931,458,S6_worst_case_no_intervention,united_states,USDC
501,0.759286444808095,455730372.2555326,458,S6_worst_case_no_intervention,united_states,USDC
502,0.7490402543135043,444337112.9491443,458,S6_worst_case_no_intervention,united_states,USDC
503,0.7769376120033771,433228685.12541574,458,S6_worst_case_no_intervention,united_states,USDC
504,0.7878108652279108,422397967.99728036,458,S6_worst_case_no_intervention,united_states,USDC
505,0.7845807249039648,411838018.7973484,458,S6_worst_case_no_intervention,united_states,USDC
506,0.7882975240271999,401542068.32741463,458,S6_worst_case_no_intervention,united_states,USDC
507,0.7866119904114796,391503516.61922926,458,S6_worst_case_no_intervention,united_states,USDC
508,0.79227084164401,381715928.7037485,458,S6_worst_case_no_intervention,united_states,USDC
509,0.7880203774232691,372173030.4861548,458,S6_worst_case_no_intervention,united_states,USDC
510,0.8060891934849184,362868704.72400093,458,S6_worst_case_no_intervention,united_states,USDC
511,0.8150989182895286,353796987.1059009,458,S6_worst_case_no_intervention,united_states,USDC
512,0.8401295299193693,344952062.4282534,458,S6_worst_case_no_intervention,united_states,USDC
513,0.8479225616815838,336328260.8675471,458,S6_worst_case_no_intervention,united_states,USDC
514,0.8177257340534968,327920054.34585834,458,S6_worst_case_no_intervention,united_states,USDC
515,0.8153092412310999,319722052.98721194,458,S6_worst_case_no_intervention,united_states,USDC
516,0.7980955361009792,311729001.6625316,458,S6_worst_case_no_intervention,united_states,USDC
517,0.7881418683579664,303935776.62096834,458,S6_worst_case_no_intervention,united_states,USDC
518,0.7778611595862992,296337382.2054441,458,S6_worst_case_no_intervention,united_states,USDC
519,0.7831372798725248,288928947.6503081,458,S6_worst_case_no_intervention,united_states,USDC
520,0.7817023347917708,281705723.95905036,458,S6_worst_case_no_intervention,united_states,USDC
521,0.7217069676921444,274663080.86007404,458,S6_worst_case_no_intervention,united_states,USDC
522,0.7067777198390194,267796503.83857226,458,S6_worst_case_no_intervention,united_states,USDC
523,0.7169294992150778,261101591.24260792,458,S6_worst_case_no_intervention,united_states,USDC
524,0.7251645259826178,254574051.46154273,458,S6_worst_case_no_intervention,united_states,USDC
525,0.7355308815598406,248209700.17500412,458,S6_worst_case_no_intervention,united_states,USDC
526,0.7352000645282706,242004457.67062902,458,S6_worst_case_no_intervention,united_states,USDC
527,0.7648876849653885,235954346.2288633,458,S6_worst_case_no_intervention,united_states,USDC
528,0.7657079097318225,230055487.57314175,458,S6_worst_case_no_intervention,united_states,USDC
529,0.775768098118707,224304100.3838132,458,S6_worst_case_no_intervention,united_states,USDC
530,0.7657310306042718,218696497.87421787,458,S6_worst_case_no_intervention,united_states,USDC
531,0.7778917381469579,213229085.4273624,458,S6_worst_case_no_intervention,united_states,USDC
532,0.7577099913727414,207898358.29167837,458,S6_worst_case_no_intervention,united_states,USDC
533,0.7537121466061844,202700899.3343864,458,S6_worst_case_no_intervention,united_states,USDC
534,0.7617012254463387,197633376.8510267,458,S6_worst_case_no_intervention,united_states,USDC
535,0.7850746186457948,192692542.42975107,458,S6_worst_case_no_intervention,united_states,USDC
536,0.768727321276844,187875228.8690073,458,S6_worst_case_no_intervention,united_states,USDC
537,0.7795569982682443,183178348.14728212,458,S6_worst_case_no_intervention,united_states,USDC
538,0.6656053051712844,178598889.44360006,458,S6_worst_case_no_intervention,united_states,USDC
539,0.6688475477589455,174133917.20751005,458,S6_worst_case_no_intervention,united_states,USDC
540,0.7066054936238586,169780569.2773223,458,S6_worst_case_no_intervention,united_states,USDC
541,0.7182171888698459,165536055.04538924,458,S6_worst_case_no_intervention,united_states,USDC
542,0.704312895446801,161397653.6692545,458,S6_worst_case_no_intervention,united_states,USDC
543,0.6116939195533689,157362712.32752314,458,S6_worst_case_no_intervention,united_states,USDC
544,0.6588803189404923,153428644.51933506,458,S6_worst_case_no_intervention,united_states,USDC
545,0.676961785922168,149592928.4063517,458,S6_worst_case_no_intervention,united_states,USDC
546,0.6927789869143662,145853105.19619292,458,S6_worst_case_no_intervention,united_states,USDC
547,0.7157003995892129,142206777.56628808,458,S6_worst_case_no_intervention,united_states,USDC
548,0.7312371621007112,138651608.12713087,458,S6_worst_case_no_intervention,united_states,USDC
549,0.7598460506053469,135185317.9239526,458,S6_worst_case_no_intervention,united_states,USDC
550,0.762547640540912,131805684.9758538,458,S6_worst_case_no_intervention,united_states,USDC
551,0.7435165241617625,128510542.85145745,458,S6_worst_case_no_intervention,united_states,USDC
552,0.7560200377298708,125297779.280171,458,S6_worst_case_no_intervention,united_states,USDC
553,0.7526682793677493,122165334.79816672,458,S6_worst_case_no_intervention,united_states,USDC
554,0.7573569992160456,119111201.42821257,458,S6_worst_case_no_intervention,united_states,USDC
555,0.7887590924846821,116133421.39250726,458,S6_worst_case_no_intervention,united_states,USDC
556,0.7858142742940826,113230085.85769458,458,S6_worst_case_no_intervention,united_states,USDC
557,0.7892894333604709,110399333.71125221,458,S6_worst_case_no_intervention,united_states,USDC
558,0.8062782655511276,107639350.3684709,458,S6_worst_case_no_intervention,united_states,USDC
559,0.8081001569766305,104948366.60925913,458,S6_worst_case_no_intervention,united_states,USDC
560,0.7999793449086336,102324657.44402766,458,S6_worst_case_no_intervention,united_states,USDC
561,0.7882446490545808,99766541.00792697,458,S6_worst_case_no_intervention,united_states,USDC
562,0.8047394414767601,97272377.4827288,458,S6_worst_case_no_intervention,united_states,USDC
563,0.824355406948671,94840568.04566059,458,S6_worst_case_no_intervention,united_states,USDC
564,0.8366263587273305,92469553.84451906,458,S6_worst_case_no_intervention,united_states,USDC
565,0.8304948750452639,90157814.99840608,458,S6_worst_case_no_intervention,united_states,USDC
566,0.852498664894695,87903869.62344593,458,S6_worst_case_no_intervention,united_states,USDC
567,0.8606744330395335,85706272.8828598,458,S6_worst_case_no_intervention,united_states,USDC
568,0.8739364432338167,83563616.06078829,458,S6_worst_case_no_intervention,united_states,USDC
569,0.8924493731035089,81474525.65926859,458,S6_worst_case_no_intervention,united_states,USDC
570,0.8785735143106587,79437662.51778688,458,S6_worst_case_no_intervention,united_states,USDC
571,0.8725933934260492,77451720.95484221,458,S6_worst_case_no_intervention,united_states,USDC
572,0.8179418824795902,75515427.93097115,458,S6_worst_case_no_intervention,united_states,USDC
573,0.8070951677239598,73627542.23269686,458,S6_worst_case_no_intervention,united_states,USDC
574,0.8092957423521978,71786853.67687944,458,S6_worst_case_no_intervention,united_states,USDC
575,0.8226504790807666,69992182.33495747,458,S6_worst_case_no_intervention,united_states,USDC
576,0.8316014137956379,68242377.77658352,458,S6_worst_case_no_intervention,united_states,USDC
577,0.847578370032465,66536318.33216894,458,S6_worst_case_no_intervention,united_states,USDC
578,0.7677189332582898,64872910.37386471,458,S6_worst_case_no_intervention,united_states,USDC
579,0.7642723368482964,63251087.61451809,458,S6_worst_case_no_intervention,united_states,USDC
580,0.7491593929032346,61669810.42415513,458,S6_worst_case_no_intervention,united_states,USDC
581,0.7504042148399167,60128065.163551256,458,S6_worst_case_no_intervention,united_states,USDC
582,0.7577740590334359,58624863.53446247,458,S6_worst_case_no_intervention,united_states,USDC
583,0.780221994610211,57159241.94610092,458,S6_worst_case_no_intervention,united_states,USDC
584,0.7720459056805831,55730260.89744839,458,S6_worst_case_no_intervention,united_states,USDC
585,0.7720787834787237,54337004.37501219,458,S6_worst_case_no_intervention,united_states,USDC
586,0.7692732373060203,52978579.26563688,458,S6_worst_case_no_intervention,united_states,USDC
587,0.7816242168739376,51654114.78399597,458,S6_worst_case_no_intervention,united_states,USDC
588,0.757995331006798,50362761.91439607,458,S6_worst_case_no_intervention,united_states,USDC
589,0.7811169774931099,49103692.86653617,458,S6_worst_case_no_intervention,united_states,USDC
590,0.7935003079386179,47876100.54487276,458,S6_worst_case_no_intervention,united_states,USDC
591,0.8028756339003408,46679198.03125094,458,S6_worst_case_no_intervention,united_states,USDC
592,0.7970529787397705,45512218.08046967,458,S6_worst_case_no_intervention,united_states,USDC
593,0.8198577477068529,44374412.628457926,458,S6_worst_case_no_intervention,united_states,USDC
594,0.814971948296453,43265052.31274648,458,S6_worst_case_no_intervention,united_states,USDC
595,0.8322637932207864,42183426.004927814,458,S6_worst_case_no_intervention,united_states,USDC
596,0.8371612909966896,41128840.35480462,458,S6_worst_case_no_intervention,united_states,USDC
597,0.8483994789210264,40100619.3459345,458,S6_worst_case_no_intervention,united_states,USDC
598,0.864372174606509,39098103.86228614,458,S6_worst_case_no_intervention,united_states,USDC
599,0.8452521353983826,38120651.265728995,458,S6_worst_case_no_intervention,united_states,USDC
600,0.8374012268836651,37167634.98408577,458,S6_worst_case_no_intervention,united_states,USDC
601,0.8456236724009708,36238444.10948362,458,S6_worst_case_no_intervention,united_states,USDC
602,0.8604699343107444,35332483.00674653,458,S6_worst_case_no_intervention,united_states,USDC
603,0.8693579505738657,34449170.93157787,458,S6_worst_case_no_intervention,united_states,USDC
604,0.8738588763332141,33587941.65828842,458,S6_worst_case_no_intervention,united_states,USDC
605,0.854177511981431,32748243.116831213,458,S6_worst_case_no_intervention,united_states,USDC
606,0.8614521934034319,31929537.038910434,458,S6_worst_case_no_intervention,united_states,USDC
607,0.8621677174401517,31131298.61293767,458,S6_worst_case_no_intervention,united_states,USDC
608,0.8579503026659235,30353016.14761423,458,S6_worst_case_no_intervention,united_states,USDC
609,0.8566928348308692,29594190.743923873,458,S6_worst_case_no_intervention,united_states,USDC
610,0.8525705090118739,28854335.975325778,458,S6_worst_case_no_intervention,united_states,USDC
611,0.8362943155040579,28132977.575942628,458,S6_worst_case_no_intervention,united_states,USDC
612,0.8290148064756067,27429653.136544064,458,S6_worst_case_no_intervention,united_states,USDC
613,0.826415700945743,26743911.80813046,458,S6_worst_case_no_intervention,united_states,USDC
614,0.7999727417921675,26075314.012927197,458,S6_worst_case_no_intervention,united_states,USDC
615,0.799283594865681,25423431.16260402,458,S6_worst_case_no_intervention,united_states,USDC
616,0.8024210477367454,24787845.383538917,458,S6_worst_case_no_intervention,united_states,USDC
617,0.7963010866667122,24168149.248950448,458,S6_worst_case_no_intervention,united_states,USDC
618,0.7843455515081411,23563945.517726686,458,S6_worst_case_no_intervention,united_states,USDC
619,0.8205421322510962,22974846.87978352,458,S6_worst_case_no_intervention,united_states,USDC
620,0.8569151940004227,22400475.70778893,458,S6_worst_case_no_intervention,united_states,USDC
621,0.821700163570858,21840463.815094206,458,S6_worst_case_no_intervention,united_states,USDC
622,0.790163682983338,21294452.21971685,458,S6_worst_case_no_intervention,united_states,USDC
623,0.8079373160092552,20762090.91422393,458,S6_worst_case_no_intervention,united_states,USDC
624,0.810126673291965,20243038.641368333,458,S6_worst_case_no_intervention,united_states,USDC
625,0.7866637040036234,19736962.675334122,458,S6_worst_case_no_intervention,united_states,USDC
626,0.7913734459815874,19243538.60845077,458,S6_worst_case_no_intervention,united_states,USDC
627,0.7995259899444048,18762450.1432395,458,S6_worst_case_no_intervention,united_states,USDC
628,0.7835561373555834,18293388.889658514,458,S6_worst_case_no_intervention,united_states,USDC
629,0.7639025839038518,17836054.16741705,458,S6_worst_case_no_intervention,united_states,USDC
630,0.7624334766801245,17390152.813231625,458,S6_worst_case_no_intervention,united_states,USDC
631,0.7614683773283927,16955398.992900833,458,S6_worst_case_no_intervention,united_states,USDC
632,0.7821543408149023,16531514.018078312,458,S6_worst_case_no_intervention,united_states,USDC
633,0.786485391602289,16118226.167626355,458,S6_worst_case_no_intervention,united_states,USDC
634,0.7783735289294522,15715270.513435695,458,S6_worst_case_no_intervention,united_states,USDC
635,0.7848731286492884,15322388.750599802,458,S6_worst_case_no_intervention,united_states,USDC
636,0.7942042768658375,14939329.03183481,458,S6_worst_case_no_intervention,united_states,USDC
637,0.7672044405853276,14565845.806038938,458,S6_worst_case_no_intervention,united_states,USDC
638,0.7729886827580913,14201699.660887964,458,S6_worst_case_no_intervention,united_states,USDC
639,0.7909445003458189,13846657.169365767,458,S6_worst_case_no_intervention,united_states,USDC
640,0.7900465775009997,13500490.740131624,458,S6_worst_case_no_intervention,united_states,USDC
641,0.7819621309220125,13162978.471628333,458,S6_worst_case_no_intervention,united_states,USDC
642,0.8077122005141567,12833904.009837624,458,S6_worst_case_no_intervention,united_states,USDC
643,0.7978992199937709,12513056.409591682,458,S6_worst_case_no_intervention,united_states,USDC
644,0.8037087295669338,12200229.99935189,458,S6_worst_case_no_intervention,united_states,USDC
645,0.8023468153944695,11895224.249368094,458,S6_worst_case_no_intervention,united_states,USDC
646,0.8202390489317443,11597843.643133892,458,S6_worst_case_no_intervention,united_states,USDC
647,0.8338519140906323,11307897.552055545,458,S6_worst_case_no_intervention,united_states,USDC
648,0.803753706332292,11025200.113254156,458,S6_worst_case_no_intervention,united_states,USDC
649,0.7934371860706108,10749570.110422801,458,S6_worst_case_no_intervention,united_states,USDC
650,0.7957819365555143,10480830.85766223,458,S6_worst_case_no_intervention,united_states,USDC
651,0.8163092828407049,10218810.086220676,458,S6_worst_case_no_intervention,united_states,USDC
652,0.8266742788451431,9963339.834065158,458,S6_worst_case_no_intervention,united_states,USDC
653,0.8168995740725464,9714256.33821353,458,S6_worst_case_no_intervention,united_states,USDC
654,0.8171595761053767,9471399.929758191,458,S6_worst_case_no_intervention,united_states,USDC
655,0.8329654665305015,9234614.931514237,458,S6_worst_case_no_intervention,united_states,USDC
656,0.8198521768577738,9003749.55822638,458,S6_worst_case_no_intervention,united_states,USDC
657,0.7992721477533279,8778655.81927072,458,S6_worst_case_no_intervention,united_states,USDC
658,0.7809886127501234,8559189.423788954,458,S6_worst_case_no_intervention,united_states,USDC
659,0.763122676534682,8345209.688194228,458,S6_worst_case_no_intervention,united_states,USDC
660,0.7699208604958706,8136579.445989373,458,S6_worst_case_no_intervention,united_states,USDC
661,0.7639706578789646,7933164.959839638,458,S6_worst_case_no_intervention,united_states,USDC
662,0.748979888062174,7734835.835843648,458,S6_worst_case_no_intervention,united_states,USDC
663,0.7379218553979219,7541464.939947557,458,S6_worst_case_no_intervention,united_states,USDC
664,0.75109562328124,7352928.316448867,458,S6_worst_case_no_intervention,united_states,USDC
665,0.7432052865834549,7169105.108537646,458,S6_worst_case_no_intervention,united_states,USDC
666,0.7455901926040794,6989877.480824204,458,S6_worst_case_no_intervention,united_states,USDC
667,0.763664239061886,6815130.543803599,458,S6_worst_case_no_intervention,united_states,USDC
668,0.7679519698808865,6644752.280208509,458,S6_worst_case_no_intervention,united_states,USDC
669,0.7837187784479858,6478633.473203298,458,S6_worst_case_no_intervention,united_states,USDC
670,0.7889932717556616,6316667.636373214,458,S6_worst_case_no_intervention,united_states,USDC
671,0.7751715835916339,6158750.945463884,458,S6_worst_case_no_intervention,united_states,USDC
672,0.7785903491119494,6004782.1718272865,458,S6_worst_case_no_intervention,united_states,USDC
673,0.7930876442630135,5854662.617531605,458,S6_worst_case_no_intervention,united_states,USDC
674,0.7940947215316851,5708296.052093315,458,S6_worst_case_no_intervention,united_states,USDC
675,0.7918140161847727,5565588.650790982,458,S6_worst_case_no_intervention,united_states,USDC
676,0.7941415979464371,5426448.934521208,458,S6_worst_case_no_intervention,united_states,USDC
677,0.8098815751355387,5290787.711158177,458,S6_worst_case_no_intervention,united_states,USDC
678,0.8044108669407282,5158518.018379223,458,S6_worst_case_no_intervention,united_states,USDC
679,0.7966391203788964,5029555.067919742,458,S6_worst_case_no_intervention,united_states,USDC
680,0.7805152078247073,4903816.1912217485,458,S6_worst_case_no_intervention,united_states,USDC
681,0.7628032278278254,4781220.786441205,458,S6_worst_case_no_intervention,united_states,USDC
682,0.7663174680786469,4661690.266780175,458,S6_worst_case_no_intervention,united_states,USDC
683,0.7747285082825195,4545148.010110671,458,S6_worst_case_no_intervention,united_states,USDC
684,0.7018385482043156,4431519.309857903,458,S6_worst_case_no_intervention,united_states,USDC
685,0.7356166883252159,4320731.327111457,458,S6_worst_case_no_intervention,united_states,USDC
686,0.7479996858697362,4212713.04393367,458,S6_worst_case_no_intervention,united_states,USDC
687,0.7338260047975727,4107395.2178353285,458,S6_worst_case_no_intervention,united_states,USDC
688,0.7285571359005389,4004710.3373894454,458,S6_worst_case_no_intervention,united_states,USDC
689,0.7283073173703438,3904592.5789547088,458,S6_worst_case_no_intervention,united_states,USDC
690,0.7163309280192203,3806977.7644808413,458,S6_worst_case_no_intervention,united_states,USDC
691,0.7232416110298645,3711803.32036882,458,S6_worst_case_no_intervention,united_states,USDC
692,0.7503138508578375,3619008.2373595997,458,S6_worst_case_no_intervention,united_states,USDC
693,0.769431049445494,3528533.0314256093,458,S6_worst_case_no_intervention,united_states,USDC
694,0.7613588394186317,3440319.705639969,458,S6_worst_case_no_intervention,united_states,USDC
695,0.7816080410965345,3354311.71299897,458,S6_worst_case_no_intervention,united_states,USDC
696,0.7781257099578421,3270453.920173996,458,S6_worst_case_no_intervention,united_states,USDC
697,0.8119781394865825,3188692.572169646,458,S6_worst_case_no_intervention,united_states,USDC
698,0.7998048908039435,3108975.2578654047,458,S6_worst_case_no_intervention,united_states,USDC
699,0.82947861877115,3031250.8764187694,458,S6_worst_case_no_intervention,united_states,USDC
700,0.840103023052262,2955469.6045083003,458,S6_worst_case_no_intervention,united_states,USDC
701,0.8285126801305166,2881582.864395593,458,S6_worst_case_no_intervention,united_states,USDC
702,0.84029967483508,2809543.292785703,458,S6_worst_case_no_intervention,united_states,USDC
703,0.8409705447775944,2739304.7104660603,458,S6_worst_case_no_intervention,united_states,USDC
704,0.8501988111511779,2670822.092704409,458,S6_worst_case_no_intervention,united_states,USDC
705,0.8530237838790167,2604051.540386799,458,S6_worst_case_no_intervention,united_states,USDC
706,0.8814482592034697,2538950.251877129,458,S6_worst_case_no_intervention,united_states,USDC
707,0.8759473965170665,2475476.4955802006,458,S6_worst_case_no_intervention,united_states,USDC
708,0.8667807293294718,2413589.5831906954,458,S6_worst_case_no_intervention,united_states,USDC
709,0.8436376771990215,2353249.8436109284,458,S6_worst_case_no_intervention,united_states,USDC
710,0.8337223275682657,2294418.597520655,458,S6_worst_case_no_intervention,united_states,USDC
711,0.8263387665595956,2237058.132582639,458,S6_worst_case_no_intervention,united_states,USDC
712,0.8265933328087451,2181131.679268073,458,S6_worst_case_no_intervention,united_states,USDC
713,0.8131971296444761,2126603.387286371,458,S6_worst_case_no_intervention,united_states,USDC
714,0.8292996003903115,2073438.302604212,458,S6_worst_case_no_intervention,united_states,USDC
715,0.8399359777806106,2021602.3450391067,458,S6_worst_case_no_intervention,united_states,USDC
716,0.8180501345464142,1971062.286413129,458,S6_worst_case_no_intervention,united_states,USDC
717,0.8534349400621231,1921785.7292528006,458,S6_worst_case_no_intervention,united_states,USDC
718,0.8515115711616325,1873741.0860214806,458,S6_worst_case_no_intervention,united_states,USDC
719,0.8270448210902288,1826897.5588709437,458,S6_worst_case_no_intervention,united_states,USDC
720,0.8114322012703095,1781225.1198991702,458,S6_worst_case_no_intervention,united_states,USDC
721,0.8297906857248917,1736694.4919016908,458,S6_worst_case_no_intervention,united_states,USDC
722,0.8284776051532229,1693277.1296041487,458,S6_worst_case_no_intervention,united_states,USDC
723,0.8283229234425872,1650945.201364045,458,S6_worst_case_no_intervention,united_states,USDC
724,0.8296419331190854,1609671.5713299438,458,S6_worst_case_no_intervention,united_states,USDC
725,0.8219696640812081,1569429.7820466952,458,S6_worst_case_no_intervention,united_states,USDC
726,0.8306462511700125,1530194.0374955279,458,S6_worst_case_no_intervention,united_states,USDC
727,0.8127928681537803,1491939.1865581395,458,S6_worst_case_no_intervention,united_states,USDC
728,0.7958594505217046,1454640.706894186,458,S6_worst_case_no_intervention,united_states,USDC
729,0.8162520495547466,1418274.6892218315,458,S6_worst_case_no_intervention,united_states,USDC
730,0.8282448945707132,1382817.8219912858,458,S6_worst_case_no_intervention,united_states,USDC
731,0.8026818945287557,1348247.3764415034,458,S6_worst_case_no_intervention,united_states,USDC
732,0.7846355213743303,1314541.192030466,458,S6_worst_case_no_intervention,united_states,USDC
733,0.8014715772749416,1281677.6622297044,458,S6_worst_case_no_intervention,united_states,USDC
734,0.7886746818222975,1249635.7206739618,458,S6_worst_case_no_intervention,united_states,USDC
735,0.6792298885523442,1218394.8276571129,458,S6_worst_case_no_intervention,united_states,USDC
736,0.7092988238402255,1187934.956965685,458,S6_worst_case_no_intervention,united_states,USDC
737,0.7420656450383302,1158236.5830415427,458,S6_worst_case_no_intervention,united_states,USDC
738,0.7431458658352738,1129280.6684655044,458,S6_worst_case_no_intervention,united_states,USDC
739,0.7477085642507325,1101048.6517538666,458,S6_worst_case_no_intervention,united_states,USDC
740,0.756967792284102,1073522.43546002,458,S6_worst_case_no_intervention,united_states,USDC
741,0.7770859737871895,1046684.3745735195,458,S6_worst_case_no_intervention,united_states,USDC
742,0.7841268873074743,1020517.2652091815,458,S6_worst_case_no_intervention,united_states,USDC
743,0.7646812404717742,995004.3335789519,458,S6_worst_case_no_intervention,united_states,USDC
744,0.7845283445020911,970129.225239478,458,S6_worst_case_no_intervention,united_states,USDC
745,0.784625780791909,945875.9946084912,458,S6_worst_case_no_intervention,united_states,USDC
746,0.7762028382765629,922229.0947432789,458,S6_worst_case_no_intervention,united_states,USDC
747,0.7810696942899129,899173.3673746969,458,S6_worst_case_no_intervention,united_states,USDC
748,0.7812429956856641,876694.0331903294,458,S6_worst_case_no_intervention,united_states,USDC
749,0.7529914634736473,854776.6823605711,458,S6_worst_case_no_intervention,united_states,USDC
750,0.752691828394407,833407.265301557,458,S6_worst_case_no_intervention,united_states,USDC
751,0.7598308925136488,812572.083669018,458,S6_worst_case_no_intervention,united_states,USDC
752,0.7483420574385656,792257.7815772925,458,S6_worst_case_no_intervention,united_states,USDC
753,0.7573068147993399,772451.3370378602,458,S6_worst_case_no_intervention,united_states,USDC
754,0.7668364664568701,753140.0536119137,458,S6_worst_case_no_intervention,united_states,USDC
755,0.7578910026362778,734311.552271616,458,S6_worst_case_no_intervention,united_states,USDC
756,0.7475675144154108,715953.7634648255,458,S6_worst_case_no_intervention,united_states,USDC
757,0.7419632634059358,698054.9193782047,458,S6_worst_case_no_intervention,united_states,USDC
758,0.7641512492082889,680603.5463937497,458,S6_worst_case_no_intervention,united_states,USDC
759,0.7763048666063304,663588.4577339059,458,S6_worst_case_no_intervention,united_states,USDC
760,0.7713797206069195,646998.7462905583,458,S6_worst_case_no_intervention,united_states,USDC
761,0.7664497354130689,630823.7776332945,458,S6_worst_case_no_intervention,united_states,USDC
762,0.783716447955368,615053.183192462,458,S6_worst_case_no_intervention,united_states,USDC
763,0.7773476058662551,599676.8536126504,458,S6_worst_case_no_intervention,united_states,USDC
764,0.7793782182153535,584684.9322723341,458,S6_worst_case_no_intervention,united_states,USDC
765,0.771671271611105,570067.8089655258,458,S6_worst_case_no_intervention,united_states,USDC
766,0.7729107159545322,555816.1137413876,458,S6_worst_case_no_intervention,united_states,USDC
767,0.7654884898517926,541920.7108978529,458,S6_worst_case_no_intervention,united_states,USDC
768,0.7733936854549748,528372.6931254066,458,S6_worst_case_no_intervention,united_states,USDC
769,0.7769020480257075,515163.3757972715,458,S6_worst_case_no_intervention,united_states,USDC
770,0.8022138078885656,502284.29140233976,458,S6_worst_case_no_intervention,united_states,USDC
771,0.7921179134157432,489727.1841172812,458,S6_worst_case_no_intervention,united_states,USDC
772,0.7916531298379287,477484.0045143492,458,S6_worst_case_no_intervention,united_states,USDC
773,0.7673736414263157,465546.90440149046,458,S6_worst_case_no_intervention,united_states,USDC
774,0.7620378098923892,453908.2317914532,458,S6_worst_case_no_intervention,united_states,USDC
775,0.7570815996683574,442560.52599666687,458,S6_worst_case_no_intervention,united_states,USDC
776,0.7852163742221187,431496.5128467502,458,S6_worst_case_no_intervention,united_states,USDC
777,0.7783461078761333,420709.1000255815,458,S6_worst_case_no_intervention,united_states,USDC
778,0.7723685006834646,410191.3725249419,458,S6_worst_case_no_intervention,united_states,USDC
779,0.7667872106940786,399936.58821181837,458,S6_worst_case_no_intervention,united_states,USDC
780,0.7742388754486759,389938.1735065229,458,S6_worst_case_no_intervention,united_states,USDC
781,0.7732228921411918,380189.7191688599,458,S6_worst_case_no_intervention,united_states,USDC
782,0.7781873263873652,370684.9761896384,458,S6_worst_case_no_intervention,united_states,USDC
783,0.8060298984690646,361417.8517848974,458,S6_worst_case_no_intervention,united_states,USDC
784,0.7918273458700243,352382.40549027495,458,S6_worst_case_no_intervention,united_states,USDC
785,0.788107860050589,343572.8453530181,458,S6_worst_case_no_intervention,united_states,USDC
786,0.7867277069982911,334983.5242191926,458,S6_worst_case_no_intervention,united_states,USDC
787,0.7916527292873031,326608.9361137128,458,S6_worst_case_no_intervention,united_states,USDC
788,0.7684681030859073,318443.71271086996,458,S6_worst_case_no_intervention,united_states,USDC
789,0.7571246299346239,310482.61989309825,458,S6_worst_case_no_intervention,united_states,USDC
790,0.7508663339047872,302720.55439577077,458,S6_worst_case_no_intervention,united_states,USDC
791,0.7329836262314978,295152.5405358765,458,S6_worst_case_no_intervention,united_states,USDC
792,0.7413627652501075,287773.7270224796,458,S6_worst_case_no_intervention,united_states,USDC
793,0.7261993805611482,280579.3838469176,458,S6_worst_case_no_intervention,united_states,USDC
794,0.7366193956428011,273564.89925074467,458,S6_worst_case_no_intervention,united_states,USDC
795,0.7511986520431764,266725.77676947607,458,S6_worst_case_no_intervention,united_states,USDC
796,0.7637006310460281,260057.63235023915,458,S6_worst_case_no_intervention,united_states,USDC
797,0.7670971471820928,253556.19154148316,458,S6_worst_case_no_intervention,united_states,USDC
798,0.7644994568561027,247217.2867529461,458,S6_worst_case_no_intervention,united_states,USDC
799,0.7544247081891952,241036.85458412243,458,S6_worst_case_no_intervention,united_states,USDC
800,0.7337555142777376,235010.93321951936,458,S6_worst_case_no_intervention,united_states,USDC
801,0.7396384769995784,229135.65988903138,458,S6_worst_case_no_intervention,united_states,USDC
802,0.7680033638808624,223407.26839180558,458,S6_worst_case_no_intervention,united_states,USDC
803,0.780116252861718,217822.08668201044,458,S6_worst_case_no_intervention,united_states,USDC
804,0.781568650366775,212376.5345149602,458,S6_worst_case_no_intervention,united_states,USDC
805,0.7913199160434908,207067.1211520862,458,S6_worst_case_no_intervention,united_states,USDC
806,0.8158976761975837,201890.44312328403,458,S6_worst_case_no_intervention,united_states,USDC
807,0.8035482523338379,196843.18204520195,458,S6_worst_case_no_intervention,united_states,USDC
808,0.8327244538206917,191922.1024940719,458,S6_worst_case_no_intervention,united_states,USDC
809,0.7995751442204562,187124.0499317201,458,S6_worst_case_no_intervention,united_states,USDC
810,0.8056648750884283,182445.9486834271,458,S6_worst_case_no_intervention,united_states,USDC
811,0.7945445489057928,177884.7999663414,458,S6_worst_case_no_intervention,united_states,USDC
812,0.7856144252148485,173437.67996718286,458,S6_worst_case_no_intervention,united_states,USDC
813,0.7995119673999326,169101.7379680033,458,S6_worst_case_no_intervention,united_states,USDC
814,0.777693993787764,164874.1945188032,458,S6_worst_case_no_intervention,united_states,USDC
815,0.7762088785505633,160752.33965583312,458,S6_worst_case_no_intervention,united_states,USDC
816,0.7618105615303175,156733.5311644373,458,S6_worst_case_no_intervention,united_states,USDC
817,0.7769019788506816,152815.19288532634,458,S6_worst_case_no_intervention,united_states,USDC
818,0.7878918068998173,148994.8130631932,458,S6_worst_case_no_intervention,united_states,USDC
819,0.7624530772443225,145269.94273661336,458,S6_worst_case_no_intervention,united_states,USDC
820,0.7788911215165893,141638.194168198,458,S6_worst_case_no_intervention,united_states,USDC
821,0.774503437836969,138097.23931399308,458,S6_worst_case_no_intervention,united_states,USDC
822,0.7653876282737014,134644.80833114323,458,S6_worst_case_no_intervention,united_states,USDC
823,0.7704748197379322,131278.68812286467,458,S6_worst_case_no_intervention,united_states,USDC
824,0.8004190487351927,127996.72091979304,458,S6_worst_case_no_intervention,united_states,USDC
825,0.7572586743920051,124796.80289679821,458,S6_worst_case_no_intervention,united_states,USDC
826,0.7582982640202903,121676.88282437826,458,S6_worst_case_no_intervention,united_states,USDC
827,0.7779473421511214,118634.96075376881,458,S6_worst_case_no_intervention,united_states,USDC
828,0.7720787235787043,115669.0867349246,458,S6_worst_case_no_intervention,united_states,USDC
829,0.7692708227193762,112777.35956655149,458,S6_worst_case_no_intervention,united_states,USDC
830,0.777465816056912,109957.92557738768,458,S6_worst_case_no_intervention,united_states,USDC
831,0.7807020595889335,107208.977437953,458,S6_worst_case_no_intervention,united_states,USDC
832,0.777746929085856,104528.75300200417,458,S6_worst_case_no_intervention,united_states,USDC
833,0.7766337731224561,101915.53417695407,458,S6_worst_case_no_intervention,united_states,USDC
834,0.7665457807038788,99367.6458225302,458,S6_worst_case_no_intervention,united_states,USDC
835,0.781320792947679,96883.45467696697,458,S6_worst_case_no_intervention,united_states,USDC
836,0.7887593548888155,94461.36831004279,458,S6_worst_case_no_intervention,united_states,USDC
837,0.782084070848212,92099.83410229172,458,S6_worst_case_no_intervention,united_states,USDC
838,0.7562454182267409,89797.33824973443,458,S6_worst_case_no_intervention,united_states,USDC
839,0.7681069856165482,87552.40479349106,458,S6_worst_case_no_intervention,united_states,USDC
840,0.7662560913660503,85363.59467365379,458,S6_worst_case_no_intervention,united_states,USDC
841,0.7583458308415323,83229.50480681243,458,S6_worst_case_no_intervention,united_states,USDC
842,0.7759777569383223,81148.76718664213,458,S6_worst_case_no_intervention,united_states,USDC
843,0.8022202601089796,79120.04800697608,458,S6_worst_case_no_intervention,united_states,USDC
844,0.7894460781809898,77142.04680680166,458,S6_worst_case_no_intervention,united_states,USDC
845,0.8057321705851546,75213.49563663163,458,S6_worst_case_no_intervention,united_states,USDC
846,0.8177101835487166,73333.15824571584,458,S6_worst_case_no_intervention,united_states,USDC
847,0.8019603837101852,71499.82928957294,458,S6_worst_case_no_intervention,united_states,USDC
848,0.8027905567014922,69712.33355733362,458,S6_worst_case_no_intervention,united_states,USDC
849,0.8081610486583978,67969.52521840027,458,S6_worst_case_no_intervention,united_states,USDC
850,0.7958380394885394,66270.28708794026,458,S6_worst_case_no_intervention,united_states,USDC
851,0.801304675634192,64613.52991074177,458,S6_worst_case_no_intervention,united_states,USDC
852,0.7851612495183472,62998.19166297322,458,S6_worst_case_no_intervention,united_states,USDC
853,0.7744996233227072,61423.23687139889,458,S6_worst_case_no_intervention,united_states,USDC
854,0.7936656927527291,59887.65594961392,458,S6_worst_case_no_intervention,united_states,USDC
855,0.7897440286260407,58390.46455087357,458,S6_worst_case_no_intervention,united_states,USDC
856,0.7922715056285031,56930.70293710173,458,S6_worst_case_no_intervention,united_states,USDC
857,0.7842178276343681,55507.43536367419,458,S6_worst_case_no_intervention,united_states,USDC
858,0.7979407993748663,54119.74947958233,458,S6_worst_case_no_intervention,united_states,USDC
859,0.8073943973615779,52766.755742592766,458,S6_worst_case_no_intervention,united_states,USDC
860,0.8032040245028943,51447.58684902795,458,S6_worst_case_no_intervention,united_states,USDC
861,0.7787635206623741,50161.39717780225,458,S6_worst_case_no_intervention,united_states,USDC
862,0.7752409916777006,48907.362248357196,458,S6_worst_case_no_intervention,united_states,USDC
863,0.7806669255930746,47684.67819214827,458,S6_worst_case_no_intervention,united_states,USDC
864,0.7684475436233108,46492.56123734456,458,S6_worst_case_no_intervention,united_states,USDC
865,0.7639768273539503,45330.247206410946,458,S6_worst_case_no_intervention,united_states,USDC
866,0.7694533902506504,44196.991026250675,458,S6_worst_case_no_intervention,united_states,USDC
867,0.7546782755516337,43092.066250594406,458,S6_worst_case_no_intervention,united_states,USDC
868,0.7649289321378286,42014.76459432954,458,S6_worst_case_no_intervention,united_states,USDC
869,0.7551939388694641,40964.395479471306,458,S6_worst_case_no_intervention,united_states,USDC
870,0.7716110237851677,39940.28559248452,458,S6_worst_case_no_intervention,united_states,USDC
871,0.7996641784463295,38941.77845267241,458,S6_worst_case_no_intervention,united_states,USDC
872,0.788523602283592,37968.2339913556,458,S6_worst_case_no_intervention,united_states,USDC
873,0.8174421431687917,37019.02814157171,458,S6_worst_case_no_intervention,united_states,USDC
874,0.8490013149409542,36093.55243803242,458,S6_worst_case_no_intervention,united_states,USDC
875,0.8498322168814679,35191.21362708161,458,S6_worst_case_no_intervention,united_states,USDC
876,0.8464531648646431,34311.43328640457,458,S6_worst_case_no_intervention,united_states,USDC
877,0.8760587432303262,33453.647454244456,458,S6_worst_case_no_intervention,united_states,USDC
878,0.8723140855797732,32617.306267888343,458,S6_worst_case_no_intervention,united_states,USDC
879,0.8696696779546527,31801.873611191135,458,S6_worst_case_no_intervention,united_states,USDC
880,0.8506188298038074,31006.826770911357,458,S6_worst_case_no_intervention,united_states,USDC
881,0.8255567810801542,30231.65610163857,458,S6_worst_case_no_intervention,united_states,USDC
882,0.8154103900497861,29475.864699097605,458,S6_worst_case_no_intervention,united_states,USDC
883,0.8312569380030834,28738.968081620165,458,S6_worst_case_no_intervention,united_states,USDC
884,0.8368176948946769,28020.49387957966,458,S6_worst_case_no_intervention,united_states,USDC
885,0.8325027381269392,27319.98153259017,458,S6_worst_case_no_intervention,united_states,USDC
886,0.8220797453576725,26636.98199427542,458,S6_worst_case_no_intervention,united_states,USDC
887,0.8099591395121991,25971.057444418526,458,S6_worst_case_no_intervention,united_states,USDC
888,0.8006411736799681,25321.781008308062,458,S6_worst_case_no_intervention,united_states,USDC
889,0.7762847647470756,24688.736483100365,458,S6_worst_case_no_intervention,united_states,USDC
890,0.7620564470097474,24071.518071022852,458,S6_worst_case_no_intervention,united_states,USDC
891,0.792397075204692,23469.73011924728,458,S6_worst_case_no_intervention,united_states,USDC
892,0.806174481657164,22882.9868662661,458,S6_worst_case_no_intervention,united_states,USDC
893,0.8149353738184317,22310.912194609446,458,S6_worst_case_no_intervention,united_states,USDC
894,0.8123547894483732,21753.13938974421,458,S6_worst_case_no_intervention,united_states,USDC
895,0.8157661448807355,21209.310905000602,458,S6_worst_case_no_intervention,united_states,USDC
896,0.825363943301439,20679.078132375587,458,S6_worst_case_no_intervention,united_states,USDC
897,0.823051863998078,20162.101179066198,458,S6_worst_case_no_intervention,united_states,USDC
898,0.8134708401772657,19658.048649589542,458,S6_worst_case_no_intervention,united_states,USDC
899,0.8222672853348864,19166.597433349805,458,S6_worst_case_no_intervention,united_states,USDC
900,0.8119774891935365,18687.432497516056,458,S6_worst_case_no_intervention,united_states,USDC
901,0.7958717836259469,18220.246685078157,458,S6_worst_case_no_intervention,united_states,USDC
902,0.8055206779253727,17764.740517951202,458,S6_worst_case_no_intervention,united_states,USDC
903,0.8066957073794596,17320.622005002424,458,S6_worst_case_no_intervention,united_states,USDC
904,0.8128041990255584,16887.60645487736,458,S6_worst_case_no_intervention,united_states,USDC
905,0.7977560205653779,16465.416293505426,458,S6_worst_case_no_intervention,united_states,USDC
906,0.7886222584969701,16053.780886167791,458,S6_worst_case_no_intervention,united_states,USDC
907,0.7961020051691762,15652.436364013596,458,S6_worst_case_no_intervention,united_states,USDC
908,0.7785509356248831,15261.125454913257,458,S6_worst_case_no_intervention,united_states,USDC
909,0.7801272326323028,14879.597318540425,458,S6_worst_case_no_intervention,united_states,USDC
910,0.776886764261805,14507.607385576915,458,S6_worst_case_no_intervention,united_states,USDC
911,0.7825201930186748,14144.917200937492,458,S6_worst_case_no_intervention,united_states,USDC
912,0.7972362518130051,13791.294270914055,458,S6_worst_case_no_intervention,united_states,USDC
913,0.8067140786150742,13446.511914141207,458,S6_worst_case_no_intervention,united_states,USDC
914,0.7999883070092821,13110.349116287674,458,S6_worst_case_no_intervention,united_states,USDC
915,0.7799529181511418,12782.590388380482,458,S6_worst_case_no_intervention,united_states,USDC
916,0.7975963029280966,12463.02562867097,458,S6_worst_case_no_intervention,united_states,USDC
917,0.7999238275951089,12151.449987954196,458,S6_worst_case_no_intervention,united_states,USDC
918,0.7932978361039119,11847.663738255342,458,S6_worst_case_no_intervention,united_states,USDC
919,0.7859334789238283,11551.472144798958,458,S6_worst_case_no_intervention,united_states,USDC
920,0.7896736904422128,11262.685341178985,458,S6_worst_case_no_intervention,united_states,USDC
921,0.7693119856825174,10981.11820764951,458,S6_worst_case_no_intervention,united_states,USDC
922,0.7697106920053464,10706.59025245827,458,S6_worst_case_no_intervention,united_states,USDC
923,0.7662634477896202,10438.925496146814,458,S6_worst_case_no_intervention,united_states,USDC
924,0.7701132622576148,10177.952358743145,458,S6_worst_case_no_intervention,united_states,USDC
925,0.7670752815729511,9923.503549774567,458,S6_worst_case_no_intervention,united_states,USDC
926,0.7742046406644364,9675.415961030201,458,S6_worst_case_no_intervention,united_states,USDC
927,0.7786279769199727,9433.530562004447,458,S6_worst_case_no_intervention,united_states,USDC
928,0.8121033984034176,9197.692297954336,458,S6_worst_case_no_intervention,united_states,USDC
929,0.826997332729223,8967.749990505477,458,S6_worst_case_no_intervention,united_states,USDC
930,0.8274841614055376,8743.55624074284,458,S6_worst_case_no_intervention,united_states,USDC
931,0.8174982175319897,8524.967334724271,458,S6_worst_case_no_intervention,united_states,USDC
932,0.7989347832542754,8311.843151356163,458,S6_worst_case_no_intervention,united_states,USDC
933,0.8183198062965727,8104.047072572259,458,S6_worst_case_no_intervention,united_states,USDC
934,0.8405786643722584,7901.445895757954,458,S6_worst_case_no_intervention,united_states,USDC
935,0.8155280248810943,7703.9097483640035,458,S6_worst_case_no_intervention,united_states,USDC
936,0.7906940485943417,7511.312004654904,458,S6_worst_case_no_intervention,united_states,USDC
937,0.8148530404257344,7323.529204538532,458,S6_worst_case_no_intervention,united_states,USDC
938,0.8295318269019102,7140.440974425068,458,S6_worst_case_no_intervention,united_states,USDC
939,0.8449534413063788,6961.929950064441,458,S6_worst_case_no_intervention,united_states,USDC
940,0.849234833002306,6787.88170131283,458,S6_worst_case_no_intervention,united_states,USDC
941,0.8558899332906231,6618.184658780008,458,S6_worst_case_no_intervention,united_states,USDC
942,0.8833648126472609,6452.730042310508,458,S6_worst_case_no_intervention,united_states,USDC
943,0.8792001302926694,6291.411791252746,458,S6_worst_case_no_intervention,united_states,USDC
944,0.8624045834142089,6134.126496471427,458,S6_worst_case_no_intervention,united_states,USDC
945,0.8493027542535692,5980.773334059642,458,S6_worst_case_no_intervention,united_states,USDC
946,0.8432372203927765,5831.254000708152,458,S6_worst_case_no_intervention,united_states,USDC
947,0.8292948545130421,5685.472650690447,458,S6_worst_case_no_intervention,united_states,USDC
948,0.8204822091643003,5543.335834423186,458,S6_worst_case_no_intervention,united_states,USDC
949,0.8222256870189764,5404.752438562607,458,S6_worst_case_no_intervention,united_states,USDC
950,0.8183889362028807,5269.633627598541,458,S6_worst_case_no_intervention,united_states,USDC
951,0.7854254361018759,5137.892786908578,458,S6_worst_case_no_intervention,united_states,USDC
952,0.7847385573184829,5009.445467235863,458,S6_worst_case_no_intervention,united_states,USDC
953,0.8113555535859048,4884.209330554967,458,S6_worst_case_no_intervention,united_states,USDC
954,0.8268685351171943,4762.104097291092,458,S6_worst_case_no_intervention,united_states,USDC
955,0.8234832106278211,4643.051494858815,458,S6_worst_case_no_intervention,united_states,USDC
956,0.8030463168287753,4526.975207487344,458,S6_worst_case_no_intervention,united_states,USDC
957,0.8142251007298571,4413.8008273001615,458,S6_worst_case_no_intervention,united_states,USDC
958,0.8044283508450792,4303.455806617657,458,S6_worst_case_no_intervention,united_states,USDC
959,0.7916508672738232,4195.869411452215,458,S6_worst_case_no_intervention,united_states,USDC
960,0.7988275212232796,4090.9726761659103,458,S6_worst_case_no_intervention,united_states,USDC
961,0.7901855737370053,3988.6983592617626,458,S6_worst_case_no_intervention,united_states,USDC
962,0.7962016728159608,3888.980900280218,458,S6_worst_case_no_intervention,united_states,USDC
963,0.7809199152515193,3791.756377773213,458,S6_worst_case_no_intervention,united_states,USDC
964,0.8156644786771069,3696.962468328883,458,S6_worst_case_no_intervention,united_states,USDC
965,0.796278704428526,3604.5384066206607,458,S6_worst_case_no_intervention,united_states,USDC
966,0.8101458465533624,3514.4249464551435,458,S6_worst_case_no_intervention,united_states,USDC
967,0.8081911672535181,3426.5643227937653,458,S6_worst_case_no_intervention,united_states,USDC
968,0.8039635965078915,3340.9002147239207,458,S6_worst_case_no_intervention,united_states,USDC
969,0.8108226855380365,3257.3777093558233,458,S6_worst_case_no_intervention,united_states,USDC
970,0.8176372927288319,3175.9432666219277,458,S6_worst_case_no_intervention,united_states,USDC
971,0.8142752652104162,3096.5446849563796,458,S6_worst_case_no_intervention,united_states,USDC
972,0.7937624171350444,3019.13106783247,458,S6_worst_case_no_intervention,united_states,USDC
973,0.8006238388715465,2943.652791136658,458,S6_worst_case_no_intervention,united_states,USDC
974,0.7966326863994991,2870.0614713582418,458,S6_worst_case_no_intervention,united_states,USDC
975,0.8086746983468133,2798.3099345742858,458,S6_worst_case_no_intervention,united_states,USDC
976,0.7910546733651744,2728.3521862099283,458,S6_worst_case_no_intervention,united_states,USDC
977,0.8053719039067313,2660.14338155468,458,S6_worst_case_no_intervention,united_states,USDC
978,0.7934824179481075,2593.639797015813,458,S6_worst_case_no_intervention,united_states,USDC
979,0.8111850781598174,2528.798802090418,458,S6_worst_case_no_intervention,united_states,USDC
980,0.8111935424809412,2465.5788320381575,458,S6_worst_case_no_intervention,united_states,USDC
981,0.7990413553845411,2403.9393612372032,458,S6_worst_case_no_intervention,united_states,USDC
982,0.8115544205824381,2343.8408772062735,458,S6_worst_case_no_intervention,united_states,USDC
983,0.8145267615178291,2285.2448552761166,458,S6_worst_case_no_intervention,united_states,USDC
984,0.8294027589959506,2228.1137338942135,458,S6_worst_case_no_intervention,united_states,USDC
985,0.8321730570289324,2172.4108905468584,458,S6_worst_case_no_intervention,united_states,USDC
986,0.8239954888711688,2118.100618283187,458,S6_worst_case_no_intervention,united_states,USDC
987,0.8152801678216537,2065.1481028261073,458,S6_worst_case_no_intervention,united_states,USDC
988,0.7834488200460935,2013.5194002554545,458,S6_worst_case_no_intervention,united_states,USDC
989,0.7774502793199023,1963.181415249068,458,S6_worst_case_no_intervention,united_states,USDC
990,0.7724695173154661,1914.1018798678415,458,S6_worst_case_no_intervention,united_states,USDC
991,0.7941986332723154,1866.2493328711455,458,S6_worst_case_no_intervention,united_states,USDC
992,0.8065263058878382,1819.5930995493668,458,S6_worst_case_no_intervention,united_states,USDC
993,0.7922668933679006,1774.1032720606327,458,S6_worst_case_no_intervention,united_states,USDC
994,0.7835544768356262,1729.7506902591167,458,S6_worst_case_no_intervention,united_states,USDC
995,0.7937728008605133,1686.506923002639,458,S6_worst_case_no_intervention,united_states,USDC
996,0.7976664872418088,1644.344249927573,458,S6_worst_case_no_intervention,united_states,USDC
997,0.7991904177037481,1603.2356436793839,458,S6_worst_case_no_intervention,united_states,USDC
998,0.7896467417559047,1563.1547525873993,458,S6_worst_case_no_intervention,united_states,USDC
999,0.7697627171925777,1524.0758837727142,458,S6_worst_case_no_intervention,united_states,USDC
1000,0.7647010750061187,1485.9739866783964,458,S6_worst_case_no_intervention,united_states,USDC
