Step,price,liquidity,iteration,scenario,region,coin
1,1.0239543406639104,7193524655049.805,5,S5_twin_shock_imf_bailout,united_states,USDC
2,1.0550921270990195,7193524655049.805,5,S5_twin_shock_imf_bailout,united_states,USDC
3,1.0317466899793448,7193524655049.805,5,S5_twin_shock_imf_bailout,united_states,USDC
4,1.0139318354243556,7193524655049.805,5,S5_twin_shock_imf_bailout,united_states,USDC
5,0.993182401204027,7193524655049.805,5,S5_twin_shock_imf_bailout,united_states,USDC
6,0.9581326999561439,7193524655049.805,5,S5_twin_shock_imf_bailout,united_states,USDC
7,0.9719936247449341,7191762911538.14,5,S5_twin_shock_imf_bailout,united_states,USDC
8,0.9674258085479059,7191762911538.14,5,S5_twin_shock_imf_bailout,united_states,USDC
9,0.9962972738175402,7191385438853.59,5,S5_twin_shock_imf_bailout,united_states,USDC
10,0.9732254925240311,7191385438853.59,5,S5_twin_shock_imf_bailout,united_states,USDC
11,0.9412723619211685,7191385438853.59,5,S5_twin_shock_imf_bailout,united_states,USDC
12,0.9172671886007467,7187300350721.379,5,S5_twin_shock_imf_bailout,united_states,USDC
13,0.9177498512437205,7179864938190.158,5,S5_twin_shock_imf_bailout,united_states,USDC
14,0.9405622322182241,7172950961141.475,5,S5_twin_shock_imf_bailout,united_states,USDC
15,0.9498766301082109,7169243284262.965,5,S5_twin_shock_imf_bailout,united_states,USDC
16,0.9504635563143039,7166855879874.396,5,S5_twin_shock_imf_bailout,united_states,USDC
17,0.9573900264539491,7164492751146.191,5,S5_twin_shock_imf_bailout,united_states,USDC
18,0.9681809893310899,7163053167838.003,5,S5_twin_shock_imf_bailout,united_states,USDC
19,0.9299622643589606,7162902431201.455,5,S5_twin_shock_imf_bailout,united_states,USDC
20,0.9330679835138629,7158361462287.314,5,S5_twin_shock_imf_bailout,united_states,USDC
21,0.943650982364459,7154261557322.961,5,S5_twin_shock_imf_bailout,united_states,USDC
22,0.960149956965872,7151526848833.875,5,S5_twin_shock_imf_bailout,united_states,USDC
23,0.9588648246921065,7150569197731.854,5,S5_twin_shock_imf_bailout,united_states,USDC
24,0.9627382103014709,7149436465692.605,5,S5_twin_shock_imf_bailout,united_states,USDC
25,0.9373068656536242,7148688487798.496,5,S5_twin_shock_imf_bailout,united_states,USDC
26,0.9282914641830932,7145472975511.186,5,S5_twin_shock_imf_bailout,united_states,USDC
27,0.9167890485271415,7141491994502.246,5,S5_twin_shock_imf_bailout,united_states,USDC
28,0.9228310437880584,7136446974258.234,5,S5_twin_shock_imf_bailout,united_states,USDC
29,0.9529709492495557,7132372290960.119,5,S5_twin_shock_imf_bailout,united_states,USDC
30,0.9605502154310108,7130917840860.665,5,S5_twin_shock_imf_bailout,united_states,USDC
31,0.9655180163980743,7130124904704.689,5,S5_twin_shock_imf_bailout,united_states,USDC
32,0.9600531948388844,7129775314419.703,5,S5_twin_shock_imf_bailout,united_states,USDC
33,0.9640726480068206,7129032573648.486,5,S5_twin_shock_imf_bailout,united_states,USDC
34,0.9541136100861868,7128619602919.572,5,S5_twin_shock_imf_bailout,united_states,USDC
35,0.956036217398969,7127355610939.371,5,S5_twin_shock_imf_bailout,united_states,USDC
36,0.9318691947719329,7126295776897.949,5,S5_twin_shock_imf_bailout,united_states,USDC
37,0.9632973350264205,7123277895769.772,5,S5_twin_shock_imf_bailout,united_states,USDC
38,0.9725385008290277,7122793536876.713,5,S5_twin_shock_imf_bailout,united_states,USDC
39,0.9708544551387012,7122793536876.713,5,S5_twin_shock_imf_bailout,united_states,USDC
40,0.9764010954064947,7122793536876.713,5,S5_twin_shock_imf_bailout,united_states,USDC
41,0.9761608991086451,7122793536876.713,5,S5_twin_shock_imf_bailout,united_states,USDC
42,0.998403155958408,7122793536876.713,5,S5_twin_shock_imf_bailout,united_states,USDC
43,0.9819571102805162,7122793536876.713,5,S5_twin_shock_imf_bailout,united_states,USDC
44,1.0038083257555952,7122793536876.713,5,S5_twin_shock_imf_bailout,united_states,USDC
45,1.028495933336913,7122793536876.713,5,S5_twin_shock_imf_bailout,united_states,USDC
46,1.0378712585028143,7122793536876.713,5,S5_twin_shock_imf_bailout,united_states,USDC
47,1.0288073698250269,7122793536876.713,5,S5_twin_shock_imf_bailout,united_states,USDC
48,1.035870560566874,7122793536876.713,5,S5_twin_shock_imf_bailout,united_states,USDC
49,1.0472293956854666,7122793536876.713,5,S5_twin_shock_imf_bailout,united_states,USDC
50,1.0222108982768847,7122793536876.713,5,S5_twin_shock_imf_bailout,united_states,USDC
51,0.9936154800699666,7122793536876.713,5,S5_twin_shock_imf_bailout,united_states,USDC
52,1.0082789624948232,7122793536876.713,5,S5_twin_shock_imf_bailout,united_states,USDC
53,1.0116207352206237,7122793536876.713,5,S5_twin_shock_imf_bailout,united_states,USDC
54,1.0262062056803367,7122793536876.713,5,S5_twin_shock_imf_bailout,united_states,USDC
55,1.0152472021830512,7122793536876.713,5,S5_twin_shock_imf_bailout,united_states,USDC
56,1.0170183308432037,7122793536876.713,5,S5_twin_shock_imf_bailout,united_states,USDC
57,1.029810603566887,7122793536876.713,5,S5_twin_shock_imf_bailout,united_states,USDC
58,1.0016492958486052,7122793536876.713,5,S5_twin_shock_imf_bailout,united_states,USDC
59,0.9846581508689415,7122793536876.713,5,S5_twin_shock_imf_bailout,united_states,USDC
60,0.9822317885450982,7122793536876.713,5,S5_twin_shock_imf_bailout,united_states,USDC
61,0.9814609141096268,7122793536876.713,5,S5_twin_shock_imf_bailout,united_states,USDC
62,0.9895575757224985,7122793536876.713,5,S5_twin_shock_imf_bailout,united_states,USDC
63,0.9463984228648625,7122793536876.713,5,S5_twin_shock_imf_bailout,united_states,USDC
64,0.9816879315339722,7121090334289.565,5,S5_twin_shock_imf_bailout,united_states,USDC
65,0.9964881707996549,7121090334289.565,5,S5_twin_shock_imf_bailout,united_states,USDC
66,1.000132339775964,7121090334289.565,5,S5_twin_shock_imf_bailout,united_states,USDC
67,1.0184912310475425,7121090334289.565,5,S5_twin_shock_imf_bailout,united_states,USDC
68,0.942747279349691,7121090334289.565,5,S5_twin_shock_imf_bailout,united_states,USDC
69,0.9500437952999219,7119122105599.842,5,S5_twin_shock_imf_bailout,united_states,USDC
70,0.9583840362560209,7117727371939.475,5,S5_twin_shock_imf_bailout,united_states,USDC
71,0.9578923955198437,7116972803786.057,5,S5_twin_shock_imf_bailout,united_states,USDC
72,0.9899513052682047,7116226182051.06,5,S5_twin_shock_imf_bailout,united_states,USDC
73,0.997705634981054,7116226182051.06,5,S5_twin_shock_imf_bailout,united_states,USDC
74,1.0449117287799252,7116226182051.06,5,S5_twin_shock_imf_bailout,united_states,USDC
75,0.9992620329360469,7116226182051.06,5,S5_twin_shock_imf_bailout,united_states,USDC
76,0.9901240283564116,7116226182051.06,5,S5_twin_shock_imf_bailout,united_states,USDC
77,0.9935109440963432,7116226182051.06,5,S5_twin_shock_imf_bailout,united_states,USDC
78,0.9749983113594943,7116226182051.06,5,S5_twin_shock_imf_bailout,united_states,USDC
79,1.0263088029855003,7116226182051.06,5,S5_twin_shock_imf_bailout,united_states,USDC
80,0.9946711661949945,7116226182051.06,5,S5_twin_shock_imf_bailout,united_states,USDC
81,0.9704189092628,7116226182051.06,5,S5_twin_shock_imf_bailout,united_states,USDC
82,0.9917252319589428,7116226182051.06,5,S5_twin_shock_imf_bailout,united_states,USDC
83,0.968988803349605,7116226182051.06,5,S5_twin_shock_imf_bailout,united_states,USDC
84,0.9995031081544559,7116156647658.605,5,S5_twin_shock_imf_bailout,united_states,USDC
85,0.9697648556761556,7116156647658.605,5,S5_twin_shock_imf_bailout,united_states,USDC
86,0.9529790072099701,7116156647658.605,5,S5_twin_shock_imf_bailout,united_states,USDC
87,0.9568811983190505,7115100536728.037,5,S5_twin_shock_imf_bailout,united_states,USDC
88,0.9409939968235842,7114213653236.501,5,S5_twin_shock_imf_bailout,united_states,USDC
89,0.9652464984789442,7112279251909.818,5,S5_twin_shock_imf_bailout,united_states,USDC
90,0.9551071550518071,7112028243454.771,5,S5_twin_shock_imf_bailout,united_states,USDC
91,0.9835311935503132,7111142614529.395,5,S5_twin_shock_imf_bailout,united_states,USDC
92,1.0184004112943543,7111142614529.395,5,S5_twin_shock_imf_bailout,united_states,USDC
93,1.0131511463045746,7111142614529.395,5,S5_twin_shock_imf_bailout,united_states,USDC
94,1.0265639117117746,7111142614529.395,5,S5_twin_shock_imf_bailout,united_states,USDC
95,1.004910062638568,7111142614529.395,5,S5_twin_shock_imf_bailout,united_states,USDC
96,0.9887488385090321,7111142614529.395,5,S5_twin_shock_imf_bailout,united_states,USDC
97,1.007546815964355,7111142614529.395,5,S5_twin_shock_imf_bailout,united_states,USDC
98,1.0378779907868294,7111142614529.395,5,S5_twin_shock_imf_bailout,united_states,USDC
99,1.0085729019155618,7111142614529.395,5,S5_twin_shock_imf_bailout,united_states,USDC
100,1.011082782573101,7111142614529.395,5,S5_twin_shock_imf_bailout,united_states,USDC
101,0.850266513522495,7111142614529.395,5,S5_twin_shock_imf_bailout,united_states,USDC
102,0.8673944585916489,7103663017371.393,5,S5_twin_shock_imf_bailout,united_states,USDC
103,0.9010973901979038,7098254150888.59,5,S5_twin_shock_imf_bailout,united_states,USDC
104,0.9077840152318798,7094944615240.494,5,S5_twin_shock_imf_bailout,united_states,USDC
105,0.9188309166885268,7092031370342.15,5,S5_twin_shock_imf_bailout,united_states,USDC
106,0.8524864514046182,7089966918692.307,5,S5_twin_shock_imf_bailout,united_states,USDC
107,0.8516124281193229,7085374934339.006,5,S5_twin_shock_imf_bailout,united_states,USDC
108,0.8507512076406885,7080999442054.168,5,S5_twin_shock_imf_bailout,united_states,USDC
109,0.8941809296585765,7077291961821.544,5,S5_twin_shock_imf_bailout,united_states,USDC
110,0.8928752655005514,7075121558331.525,5,S5_twin_shock_imf_bailout,united_states,USDC
111,0.8857254884582979,7073227691015.847,5,S5_twin_shock_imf_bailout,united_states,USDC
112,0.8902275644152575,7071307970257.867,5,S5_twin_shock_imf_bailout,united_states,USDC
113,0.9084346199648089,7069598459525.878,5,S5_twin_shock_imf_bailout,united_states,USDC
114,0.9224379946565331,7068419131562.434,5,S5_twin_shock_imf_bailout,united_states,USDC
115,0.9152982654571523,7067568219687.75,5,S5_twin_shock_imf_bailout,united_states,USDC
116,0.9438899816371096,7066629458634.22,5,S5_twin_shock_imf_bailout,united_states,USDC
117,0.937755177849396,7066169039319.083,5,S5_twin_shock_imf_bailout,united_states,USDC
118,0.9770038597888201,7065633368351.116,5,S5_twin_shock_imf_bailout,united_states,USDC
119,0.9589254521321695,7065633368351.116,5,S5_twin_shock_imf_bailout,united_states,USDC
120,0.9675842293625359,7065460906802.762,5,S5_twin_shock_imf_bailout,united_states,USDC
121,75000000.97530305,6893811649793.415,5,S5_twin_shock_imf_bailout,united_states,USDC
122,60000001.95,6725466358548.58,5,S5_twin_shock_imf_bailout,united_states,USDC
123,48000001.95,6560529699584.867,5,S5_twin_shock_imf_bailout,united_states,USDC
124,38400001.95,6399076457095.244,5,S5_twin_shock_imf_bailout,united_states,USDC
125,30720001.95,6241147545667.863,5,S5_twin_shock_imf_bailout,united_states,USDC
126,24576001.95,6086757257026.167,5,S5_twin_shock_imf_bailout,united_states,USDC
127,19660801.95,5935899045600.513,5,S5_twin_shock_imf_bailout,united_states,USDC
128,15728641.95,5788550145460.499,5,S5_twin_shock_imf_bailout,united_states,USDC
129,12582913.95,5644675252623.987,5,S5_twin_shock_imf_bailout,united_states,USDC
130,10066331.549999999,5504229459948.388,5,S5_twin_shock_imf_bailout,united_states,USDC
131,8053065.63,5367160594361.678,5,S5_twin_shock_imf_bailout,united_states,USDC
132,6442452.894,5233411076232.236,5,S5_twin_shock_imf_bailout,united_states,USDC
133,5153962.705200001,5102919396710.11,5,S5_twin_shock_imf_bailout,united_states,USDC
134,4123170.5541600003,4975621289699.302,5,S5_twin_shock_imf_bailout,united_states,USDC
135,3298536.8333280003,4851450659782.374,5,S5_twin_shock_imf_bailout,united_states,USDC
136,2638829.8566624005,4730340315148.259,5,S5_twin_shock_imf_bailout,united_states,USDC
137,2111064.2753299205,4612222544757.908,5,S5_twin_shock_imf_bailout,united_states,USDC
138,1688851.8102639362,4497029571129.644,5,S5_twin_shock_imf_bailout,united_states,USDC
139,1351081.8382111492,4384693903843.95,5,S5_twin_shock_imf_bailout,united_states,USDC
140,1080865.8605689192,4275148613841.8896,5,S5_twin_shock_imf_bailout,united_states,USDC
141,864693.0784551355,4168327544571.073,5,S5_twin_shock_imf_bailout,united_states,USDC
142,691754.8527641085,4064165472816.9805,5,S5_twin_shock_imf_bailout,united_states,USDC
143,553404.2722112867,3962598229484.704,5,S5_twin_shock_imf_bailout,united_states,USDC
144,442723.80776902934,3863562788538.104,5,S5_twin_shock_imf_bailout,united_states,USDC
145,354179.43621522345,3766997330657.065,5,S5_twin_shock_imf_bailout,united_states,USDC
146,283343.9389721788,3672841286856.5703,5,S5_twin_shock_imf_bailout,united_states,USDC
147,226675.541177743,3581035366257.901,5,S5_twin_shock_imf_bailout,united_states,USDC
148,181340.8229421944,3491521571359.6494,5,S5_twin_shock_imf_bailout,united_states,USDC
149,145073.04835375553,3404243203482.215,5,S5_twin_shock_imf_bailout,united_states,USDC
150,116058.82868300441,3319144860520.405,5,S5_twin_shock_imf_bailout,united_states,USDC
151,92847.45294640353,3236172428707.591,5,S5_twin_shock_imf_bailout,united_states,USDC
152,74278.35235712281,3155273069750.058,5,S5_twin_shock_imf_bailout,united_states,USDC
153,59423.07188569826,3076395204414.4326,5,S5_twin_shock_imf_bailout,united_states,USDC
154,47538.8475085586,2999488493430.5723,5,S5_twin_shock_imf_bailout,united_states,USDC
155,38031.46800684688,2924503816396.0083,5,S5_twin_shock_imf_bailout,united_states,USDC
156,30425.56440547751,2851393249227.0684,5,S5_twin_shock_imf_bailout,united_states,USDC
157,24340.84152438201,2780110040589.16,5,S5_twin_shock_imf_bailout,united_states,USDC
158,19473.06321950561,2710608587648.646,5,S5_twin_shock_imf_bailout,united_states,USDC
159,15578.840575604489,2642844411416.8013,5,S5_twin_shock_imf_bailout,united_states,USDC
160,12463.46246048359,2576774131898.8784,5,S5_twin_shock_imf_bailout,united_states,USDC
161,9971.159968386872,2512355443215.4043,5,S5_twin_shock_imf_bailout,united_states,USDC
162,7977.317974709497,2449547088826.2173,5,S5_twin_shock_imf_bailout,united_states,USDC
163,6382.244379767598,2388308836958.5205,5,S5_twin_shock_imf_bailout,united_states,USDC
164,5106.185503814078,2328601456316.925,5,S5_twin_shock_imf_bailout,united_states,USDC
165,4085.3384030512625,2270386692134.895,5,S5_twin_shock_imf_bailout,united_states,USDC
166,3268.6607224410104,2213627242612.238,5,S5_twin_shock_imf_bailout,united_states,USDC
167,2615.3185779528085,2158286735771.5037,5,S5_twin_shock_imf_bailout,united_states,USDC
168,2092.644862362247,2104329706756.874,5,S5_twin_shock_imf_bailout,united_states,USDC
169,1674.5058898897976,2051721575591.6777,5,S5_twin_shock_imf_bailout,united_states,USDC
170,1339.994711911838,2000428625404.8667,5,S5_twin_shock_imf_bailout,united_states,USDC
171,1072.3857695294705,1950417981132.13,5,S5_twin_shock_imf_bailout,united_states,USDC
172,858.2986156235763,1901657588693.7344,5,S5_twin_shock_imf_bailout,united_states,USDC
173,687.0288924988611,1854116194648.317,5,S5_twin_shock_imf_bailout,united_states,USDC
174,550.0131139990889,1807763326319.65,5,S5_twin_shock_imf_bailout,united_states,USDC
175,440.400491199271,1762569272391.6914,5,S5_twin_shock_imf_bailout,united_states,USDC
176,352.7103929594168,1718505063965.9253,5,S5_twin_shock_imf_bailout,united_states,USDC
177,282.55831436753346,1675542456073.998,5,S5_twin_shock_imf_bailout,united_states,USDC
178,226.4366514940267,1633653909637.925,5,S5_twin_shock_imf_bailout,united_states,USDC
179,181.5393211952214,1592812573869.5984,5,S5_twin_shock_imf_bailout,united_states,USDC
180,145.6214569561771,1552992269100.9556,5,S5_twin_shock_imf_bailout,united_states,USDC
181,116.88716556494171,1514167470035.9092,5,S5_twin_shock_imf_bailout,united_states,USDC
182,93.89973245195337,1476313289414.9937,5,S5_twin_shock_imf_bailout,united_states,USDC
183,75.5097859615627,1439405462083.6045,5,S5_twin_shock_imf_bailout,united_states,USDC
184,60.79782876925015,1403420329454.7031,5,S5_twin_shock_imf_bailout,united_states,USDC
185,49.02826301540013,1368334824356.8862,5,S5_twin_shock_imf_bailout,united_states,USDC
186,39.6126104123201,1334126456258.805,5,S5_twin_shock_imf_bailout,united_states,USDC
187,32.08008832985608,1300773296861.007,5,S5_twin_shock_imf_bailout,united_states,USDC
188,26.05407066388486,1268253966046.42,5,S5_twin_shock_imf_bailout,united_states,USDC
189,21.23325653110789,1236547618180.8098,5,S5_twin_shock_imf_bailout,united_states,USDC
190,17.376605224886312,1205633928754.73,5,S5_twin_shock_imf_bailout,united_states,USDC
191,14.29128417990905,1175493081358.614,5,S5_twin_shock_imf_bailout,united_states,USDC
192,11.82302734392724,1146105754982.8506,5,S5_twin_shock_imf_bailout,united_states,USDC
193,9.848421875141794,1117453111634.8408,5,S5_twin_shock_imf_bailout,united_states,USDC
194,8.268737500113433,1089516784265.219,5,S5_twin_shock_imf_bailout,united_states,USDC
195,7.004990000090747,1062278864995.5879,5,S5_twin_shock_imf_bailout,united_states,USDC
196,5.993992000072598,1035721893640.2976,5,S5_twin_shock_imf_bailout,united_states,USDC
197,5.185193600058079,1009828846514.9697,5,S5_twin_shock_imf_bailout,united_states,USDC
198,4.538154880046463,984583125524.639,5,S5_twin_shock_imf_bailout,united_states,USDC
199,4.02052390403717,959968547524.5581,5,S5_twin_shock_imf_bailout,united_states,USDC
200,3.606419123229736,935969333946.8721,5,S5_twin_shock_imf_bailout,united_states,USDC
201,3.2751352985837885,912570100686.5427,5,S5_twin_shock_imf_bailout,united_states,USDC
202,3.010108238867031,889755848240.0531,5,S5_twin_shock_imf_bailout,united_states,USDC
203,2.798086591093625,867511952090.5911,5,S5_twin_shock_imf_bailout,united_states,USDC
204,2.6284692728749,845824153333.5574,5,S5_twin_shock_imf_bailout,united_states,USDC
205,2.49277541829992,824678549536.4033,5,S5_twin_shock_imf_bailout,united_states,USDC
206,2.3842203346399358,804061585826.9414,5,S5_twin_shock_imf_bailout,united_states,USDC
207,2.297376267711949,783960046204.4263,5,S5_twin_shock_imf_bailout,united_states,USDC
208,2.227901014169559,764361045067.8423,5,S5_twin_shock_imf_bailout,united_states,USDC
209,2.172320811335647,745252018955.9677,5,S5_twin_shock_imf_bailout,united_states,USDC
210,2.1278566490685176,726620718493.9255,5,S5_twin_shock_imf_bailout,united_states,USDC
211,2.0902077226308196,708455200541.0631,5,S5_twin_shock_imf_bailout,united_states,USDC
212,2.022862584717001,690743820535.125,5,S5_twin_shock_imf_bailout,united_states,USDC
213,2.0089392293331474,673475225027.8177,5,S5_twin_shock_imf_bailout,united_states,USDC
214,2.0228500834584646,656638344406.979,5,S5_twin_shock_imf_bailout,united_states,USDC
215,1.9342512574393715,640222385800.69,5,S5_twin_shock_imf_bailout,united_states,USDC
216,1.9184442602859562,624216826158.781,5,S5_twin_shock_imf_bailout,united_states,USDC
217,1.8575812389690178,608611405507.2981,5,S5_twin_shock_imf_bailout,united_states,USDC
218,1.723907336665418,593396120371.6049,5,S5_twin_shock_imf_bailout,united_states,USDC
219,1.6755028015720672,578561217363.9062,5,S5_twin_shock_imf_bailout,united_states,USDC
220,1.558927611421152,564097186931.0817,5,S5_twin_shock_imf_bailout,united_states,USDC
221,1.4573393462399398,549994757258.8231,5,S5_twin_shock_imf_bailout,united_states,USDC
222,1.4002052185220615,536244888328.16736,5,S5_twin_shock_imf_bailout,united_states,USDC
223,1.3155865294453932,522838766120.615,5,S5_twin_shock_imf_bailout,united_states,USDC
224,1.2612559544868605,509767796968.12115,5,S5_twin_shock_imf_bailout,united_states,USDC
225,1.1655415061843446,497023602044.3353,5,S5_twin_shock_imf_bailout,united_states,USDC
226,1.128295683675205,484598011993.56067,5,S5_twin_shock_imf_bailout,united_states,USDC
227,1.1079024560990085,472483061693.9886,5,S5_twin_shock_imf_bailout,united_states,USDC
228,1.0748363851093847,460670985151.8525,5,S5_twin_shock_imf_bailout,united_states,USDC
229,1.081388364264522,449154210523.227,5,S5_twin_shock_imf_bailout,united_states,USDC
230,1.0781442260245173,437925355260.2831,5,S5_twin_shock_imf_bailout,united_states,USDC
231,0.9972257683522702,426977221378.8854,5,S5_twin_shock_imf_bailout,united_states,USDC
232,0.9958840868227039,416302790844.50073,5,S5_twin_shock_imf_bailout,united_states,USDC
233,0.9430119604120412,405895221073.45825,5,S5_twin_shock_imf_bailout,united_states,USDC
234,0.9371906623165019,395346297799.84625,5,S5_twin_shock_imf_bailout,united_states,USDC
235,0.9175686057286564,385000063864.0867,5,S5_twin_shock_imf_bailout,united_states,USDC
236,0.8929224181168922,374582591911.0406,5,S5_twin_shock_imf_bailout,united_states,USDC
237,0.8567788369556131,364192561426.6601,5,S5_twin_shock_imf_bailout,united_states,USDC
238,0.8381988404818299,353651951664.9446,5,S5_twin_shock_imf_bailout,united_states,USDC
239,0.8708207372329492,343355802652.5536,5,S5_twin_shock_imf_bailout,united_states,USDC
240,0.8479271576034885,333776675713.1964,5,S5_twin_shock_imf_bailout,united_states,USDC
241,0.8245620013812737,324305013273.3125,5,S5_twin_shock_imf_bailout,united_states,USDC
242,0.8371235418648906,315070775069.7309,5,S5_twin_shock_imf_bailout,united_states,USDC
243,0.8424193829497217,306275744490.68176,5,S5_twin_shock_imf_bailout,united_states,USDC
244,0.794657887424523,297873957447.82404,5,S5_twin_shock_imf_bailout,united_states,USDC
245,0.8213235516503132,289534293092.2636,5,S5_twin_shock_imf_bailout,united_states,USDC
246,0.785222256356722,281660252052.71985,5,S5_twin_shock_imf_bailout,united_states,USDC
247,0.7822978497647562,273975999847.80798,5,S5_twin_shock_imf_bailout,united_states,USDC
248,0.7636757864710442,266582066675.2417,5,S5_twin_shock_imf_bailout,united_states,USDC
249,0.7606071872596236,259451420342.64972,5,S5_twin_shock_imf_bailout,united_states,USDC
250,0.7642667746319098,252571624755.28442,5,S5_twin_shock_imf_bailout,united_states,USDC
251,0.7641659705678987,245946659571.80777,5,S5_twin_shock_imf_bailout,united_states,USDC
252,0.7441230232572772,239562301875.12805,5,S5_twin_shock_imf_bailout,united_states,USDC
253,0.757785158815935,233367394772.6426,5,S5_twin_shock_imf_bailout,united_states,USDC
254,0.7677848140585712,227377315856.28687,5,S5_twin_shock_imf_bailout,united_states,USDC
255,0.7636493030803977,221583497115.80563,5,S5_twin_shock_imf_bailout,united_states,USDC
256,0.7416873630155665,215948757171.01697,5,S5_twin_shock_imf_bailout,united_states,USDC
257,0.7414441528944441,210468758667.79755,5,S5_twin_shock_imf_bailout,united_states,USDC
258,0.741520256127734,205145668706.25815,5,S5_twin_shock_imf_bailout,united_states,USDC
259,0.7219977721241446,199967683912.60788,5,S5_twin_shock_imf_bailout,united_states,USDC
260,0.7040376506126503,194929843092.4768,5,S5_twin_shock_imf_bailout,united_states,USDC
261,0.7235593847344074,190023285393.04227,5,S5_twin_shock_imf_bailout,united_states,USDC
262,0.745360871785442,185251556481.4786,5,S5_twin_shock_imf_bailout,united_states,USDC
263,0.7366472262132203,180605343732.24408,5,S5_twin_shock_imf_bailout,united_states,USDC
264,0.7660597357803164,176078381504.6061,5,S5_twin_shock_imf_bailout,united_states,USDC
265,0.7576895520092001,171667952971.53937,5,S5_twin_shock_imf_bailout,united_states,USDC
266,0.7696584205628938,167369549621.1999,5,S5_twin_shock_imf_bailout,united_states,USDC
267,0.7707777000453085,163180423340.1424,5,S5_twin_shock_imf_bailout,united_states,USDC
268,0.7904353066388424,159096840655.57657,5,S5_twin_shock_imf_bailout,united_states,USDC
269,0.7538668376253176,155116604807.19812,5,S5_twin_shock_imf_bailout,united_states,USDC
270,0.7639099835427274,151235718849.0918,5,S5_twin_shock_imf_bailout,united_states,USDC
271,0.7719136126163638,147452750386.73804,5,S5_twin_shock_imf_bailout,united_states,USDC
272,0.7791578423122558,143764803250.47202,5,S5_twin_shock_imf_bailout,united_states,USDC
273,0.768603302688754,140169373177.97046,5,S5_twin_shock_imf_bailout,united_states,USDC
274,0.7824015851943181,136664070431.25714,5,S5_twin_shock_imf_bailout,united_states,USDC
275,0.781906202294665,133246640930.37004,5,S5_twin_shock_imf_bailout,united_states,USDC
276,0.7800054018123758,129914831976.70326,5,S5_twin_shock_imf_bailout,united_states,USDC
277,0.7780013341659825,126666442782.58554,5,S5_twin_shock_imf_bailout,united_states,USDC
278,0.7802453252391679,123499337345.02444,5,S5_twin_shock_imf_bailout,united_states,USDC
279,0.7585613173386606,120411499753.51154,5,S5_twin_shock_imf_bailout,united_states,USDC
280,0.7898727407332584,117400899074.73523,5,S5_twin_shock_imf_bailout,united_states,USDC
281,0.7990909178367338,114465666403.1212,5,S5_twin_shock_imf_bailout,united_states,USDC
282,0.7911759954027769,111603860600.8172,5,S5_twin_shock_imf_bailout,united_states,USDC
283,0.8110776876850225,108813621369.6083,5,S5_twin_shock_imf_bailout,united_states,USDC
284,0.8079138650009328,106093172358.62842,5,S5_twin_shock_imf_bailout,united_states,USDC
285,0.8099348311728012,103440752256.00577,5,S5_twin_shock_imf_bailout,united_states,USDC
286,0.7973460118173994,100854661609.93024,5,S5_twin_shock_imf_bailout,united_states,USDC
287,0.8048364423524555,98333229560.23773,5,S5_twin_shock_imf_bailout,united_states,USDC
288,0.7968310309747317,95874844434.65785,5,S5_twin_shock_imf_bailout,united_states,USDC
289,0.7856932392254974,93477924926.85832,5,S5_twin_shock_imf_bailout,united_states,USDC
290,0.7687818450354331,91140936109.35245,5,S5_twin_shock_imf_bailout,united_states,USDC
291,0.7810331695445148,88862375686.25793,5,S5_twin_shock_imf_bailout,united_states,USDC
292,0.7791296380058734,86640788609.53622,5,S5_twin_shock_imf_bailout,united_states,USDC
293,0.7745800101033046,84474746236.01862,5,S5_twin_shock_imf_bailout,united_states,USDC
294,0.7920367652837589,82362859613.389,5,S5_twin_shock_imf_bailout,united_states,USDC
295,0.7824140279813709,80303774056.15265,5,S5_twin_shock_imf_bailout,united_states,USDC
296,0.7891264133576602,78296168063.26288,5,S5_twin_shock_imf_bailout,united_states,USDC
297,0.8193131029163735,76338754721.28635,5,S5_twin_shock_imf_bailout,united_states,USDC
298,0.8292335420774871,74430279619.92094,5,S5_twin_shock_imf_bailout,united_states,USDC
299,0.8234286363194502,72569517670.25105,5,S5_twin_shock_imf_bailout,united_states,USDC
300,0.7962228143240337,70755275284.63908,5,S5_twin_shock_imf_bailout,united_states,USDC
301,0.8135020671403507,68986388897.37192,5,S5_twin_shock_imf_bailout,united_states,USDC
302,0.8186583672210673,67261725885.202545,5,S5_twin_shock_imf_bailout,united_states,USDC
303,0.7940703603725742,65580180040.353676,5,S5_twin_shock_imf_bailout,united_states,USDC
304,0.8099780782254518,63940672750.02354,5,S5_twin_shock_imf_bailout,united_states,USDC
305,0.7949060705268036,62342153846.05449,5,S5_twin_shock_imf_bailout,united_states,USDC
306,0.8144419869240648,60783598083.00806,5,S5_twin_shock_imf_bailout,united_states,USDC
307,0.8192174595684449,59264006703.10846,5,S5_twin_shock_imf_bailout,united_states,USDC
308,0.79869952818255,57782405395.76509,5,S5_twin_shock_imf_bailout,united_states,USDC
309,0.8133377889755942,56337844163.16332,5,S5_twin_shock_imf_bailout,united_states,USDC
310,0.7810979680631305,54929397213.097534,5,S5_twin_shock_imf_bailout,united_states,USDC
311,0.8148712056954663,53556161476.9958,5,S5_twin_shock_imf_bailout,united_states,USDC
312,0.7954731359333548,52217256889.6289,5,S5_twin_shock_imf_bailout,united_states,USDC
313,0.8204543011460533,50911824953.16758,5,S5_twin_shock_imf_bailout,united_states,USDC
314,0.8023039128305898,49639028948.65999,5,S5_twin_shock_imf_bailout,united_states,USDC
315,0.793186896560324,48398052869.61732,5,S5_twin_shock_imf_bailout,united_states,USDC
316,0.8106539992340298,47188101241.423676,5,S5_twin_shock_imf_bailout,united_states,USDC
317,0.8007649783172469,46008398467.396065,5,S5_twin_shock_imf_bailout,united_states,USDC
318,0.8030883679246738,44858188290.033646,5,S5_twin_shock_imf_bailout,united_states,USDC
319,0.8140225053833247,43736733414.10687,5,S5_twin_shock_imf_bailout,united_states,USDC
320,0.817182464418626,42643314944.64908,5,S5_twin_shock_imf_bailout,united_states,USDC
321,0.8070207693767691,41577231964.7218,5,S5_twin_shock_imf_bailout,united_states,USDC
322,0.7953877305776613,40537801066.964806,5,S5_twin_shock_imf_bailout,united_states,USDC
323,0.7788075402830885,39524355951.46771,5,S5_twin_shock_imf_bailout,united_states,USDC
324,0.7583073888198565,38536246970.69166,5,S5_twin_shock_imf_bailout,united_states,USDC
325,0.7435916088826255,37572840724.65065,5,S5_twin_shock_imf_bailout,united_states,USDC
326,0.7511643290517606,36633519645.77789,5,S5_twin_shock_imf_bailout,united_states,USDC
327,0.7620879275242447,35717681610.06893,5,S5_twin_shock_imf_bailout,united_states,USDC
328,0.7532177413836135,34824739534.47695,5,S5_twin_shock_imf_bailout,united_states,USDC
329,0.7468974548155257,33954121017.740288,5,S5_twin_shock_imf_bailout,united_states,USDC
330,0.7622857659212614,33105267969.45901,5,S5_twin_shock_imf_bailout,united_states,USDC
331,0.7695185402249827,32277636253.786865,5,S5_twin_shock_imf_bailout,united_states,USDC
332,0.7829653589728649,31470695335.38609,5,S5_twin_shock_imf_bailout,united_states,USDC
333,0.7914879601388145,30683927942.950157,5,S5_twin_shock_imf_bailout,united_states,USDC
334,0.7872807750565679,29916829737.170135,5,S5_twin_shock_imf_bailout,united_states,USDC
335,0.7917257860929146,29168908987.416245,5,S5_twin_shock_imf_bailout,united_states,USDC
336,0.7885210015273733,28439686257.814667,5,S5_twin_shock_imf_bailout,united_states,USDC
337,0.8209575598529698,27728694097.276924,5,S5_twin_shock_imf_bailout,united_states,USDC
338,0.8198604733375616,27035476742.157097,5,S5_twin_shock_imf_bailout,united_states,USDC
339,0.7778695073644225,26359589821.195602,5,S5_twin_shock_imf_bailout,united_states,USDC
340,0.7878065529177666,25700600073.212204,5,S5_twin_shock_imf_bailout,united_states,USDC
341,0.781145867621802,25058085069.41165,5,S5_twin_shock_imf_bailout,united_states,USDC
342,0.7782712770031534,24431632941.076416,5,S5_twin_shock_imf_bailout,united_states,USDC
343,0.7551051145567852,23820842116.19389,5,S5_twin_shock_imf_bailout,united_states,USDC
344,0.7789789169223438,23225321062.084095,5,S5_twin_shock_imf_bailout,united_states,USDC
345,0.7800770870523762,22644688034.68546,5,S5_twin_shock_imf_bailout,united_states,USDC
346,0.7761708992488113,22078570833.13285,5,S5_twin_shock_imf_bailout,united_states,USDC
347,0.7724878595564051,21526606561.71054,5,S5_twin_shock_imf_bailout,united_states,USDC
348,0.8042834018613219,20988441397.171627,5,S5_twin_shock_imf_bailout,united_states,USDC
349,0.8164516234207287,20463730361.91082,5,S5_twin_shock_imf_bailout,united_states,USDC
350,0.8048290215801286,19952137102.613113,5,S5_twin_shock_imf_bailout,united_states,USDC
351,0.8052995735330188,19453333674.82548,5,S5_twin_shock_imf_bailout,united_states,USDC
352,0.8184040699770276,18967000332.769222,5,S5_twin_shock_imf_bailout,united_states,USDC
353,0.8243014366958423,18492825324.301346,5,S5_twin_shock_imf_bailout,united_states,USDC
354,0.8134565852100698,18030504691.07328,5,S5_twin_shock_imf_bailout,united_states,USDC
355,0.8074941308619331,17579742073.686394,5,S5_twin_shock_imf_bailout,united_states,USDC
356,0.7867895447535209,17140248521.7541,5,S5_twin_shock_imf_bailout,united_states,USDC
357,0.7892268796163137,16711742308.62455,5,S5_twin_shock_imf_bailout,united_states,USDC
358,0.7896514416309977,16293948750.836496,5,S5_twin_shock_imf_bailout,united_states,USDC
359,0.7562717907356685,15886600032.006578,5,S5_twin_shock_imf_bailout,united_states,USDC
360,0.7416190752788259,15489435031.14811,5,S5_twin_shock_imf_bailout,united_states,USDC
361,0.7373828294059332,15102199155.323582,5,S5_twin_shock_imf_bailout,united_states,USDC
362,0.7347010231540744,14724644176.404182,5,S5_twin_shock_imf_bailout,united_states,USDC
363,0.7557860095540885,14356528071.964546,5,S5_twin_shock_imf_bailout,united_states,USDC
364,0.7642623144310139,13997614870.145308,5,S5_twin_shock_imf_bailout,united_states,USDC
365,0.7689627839855399,13647674498.376778,5,S5_twin_shock_imf_bailout,united_states,USDC
366,0.7623429459674456,13306482635.905005,5,S5_twin_shock_imf_bailout,united_states,USDC
367,0.7662687845837466,12973820569.997448,5,S5_twin_shock_imf_bailout,united_states,USDC
368,0.7573675092674,12649475055.740122,5,S5_twin_shock_imf_bailout,united_states,USDC
369,0.7702974872822289,12333238179.340057,5,S5_twin_shock_imf_bailout,united_states,USDC
370,0.773367304855598,12024907224.851837,5,S5_twin_shock_imf_bailout,united_states,USDC
371,0.7606900041313382,11724284544.226902,5,S5_twin_shock_imf_bailout,united_states,USDC
372,0.7867335452260006,11431177430.61799,5,S5_twin_shock_imf_bailout,united_states,USDC
373,0.7933776638174312,11145397994.85036,5,S5_twin_shock_imf_bailout,united_states,USDC
374,0.8007715782078173,10866763044.97739,5,S5_twin_shock_imf_bailout,united_states,USDC
375,0.7740299037632761,10595093968.85158,5,S5_twin_shock_imf_bailout,united_states,USDC
376,0.8121210877339353,10330216619.628975,5,S5_twin_shock_imf_bailout,united_states,USDC
377,0.8144497585444949,10071961204.13742,5,S5_twin_shock_imf_bailout,united_states,USDC
378,0.8075354545428064,9820162174.033329,5,S5_twin_shock_imf_bailout,united_states,USDC
379,0.8011511522255373,9574658119.681875,5,S5_twin_shock_imf_bailout,united_states,USDC
380,0.7876849529745503,9335291666.689322,5,S5_twin_shock_imf_bailout,united_states,USDC
381,0.7984772827027353,9101909375.021624,5,S5_twin_shock_imf_bailout,united_states,USDC
382,0.7851986447459519,8874361640.645718,5,S5_twin_shock_imf_bailout,united_states,USDC
383,0.7779338204061286,8652502599.629261,5,S5_twin_shock_imf_bailout,united_states,USDC
384,0.7902253354231147,8436190034.63825,5,S5_twin_shock_imf_bailout,united_states,USDC
385,0.7859699766424323,8225285283.772085,5,S5_twin_shock_imf_bailout,united_states,USDC
386,0.7725087245058726,8019653151.677607,5,S5_twin_shock_imf_bailout,united_states,USDC
387,0.7872586692525819,7819161822.885515,5,S5_twin_shock_imf_bailout,united_states,USDC
388,0.7947482939522151,7623682777.313261,5,S5_twin_shock_imf_bailout,united_states,USDC
389,0.8036669442093497,7433090707.88034,5,S5_twin_shock_imf_bailout,united_states,USDC
390,0.7998693835647851,7247263440.18326,5,S5_twin_shock_imf_bailout,united_states,USDC
391,0.7848536326429556,7066081854.178621,5,S5_twin_shock_imf_bailout,united_states,USDC
392,0.7924552502617261,6889429807.824102,5,S5_twin_shock_imf_bailout,united_states,USDC
393,0.7797878515942954,6717194062.628458,5,S5_twin_shock_imf_bailout,united_states,USDC
394,0.7573452498992927,6549264211.06271,5,S5_twin_shock_imf_bailout,united_states,USDC
395,0.7468367984903412,6385532605.78611,5,S5_twin_shock_imf_bailout,united_states,USDC
396,0.7406603156475796,6225894290.641431,5,S5_twin_shock_imf_bailout,united_states,USDC
397,0.7346463751902979,6070246933.375373,5,S5_twin_shock_imf_bailout,united_states,USDC
398,0.7328477379071352,5918490760.040971,5,S5_twin_shock_imf_bailout,united_states,USDC
399,0.7215183269011033,5770528491.039934,5,S5_twin_shock_imf_bailout,united_states,USDC
400,0.7379522459293786,5626265278.763926,5,S5_twin_shock_imf_bailout,united_states,USDC
401,0.7311330309802302,5485608646.79482,5,S5_twin_shock_imf_bailout,united_states,USDC
402,0.7543602271703856,5348468430.624944,5,S5_twin_shock_imf_bailout,united_states,USDC
403,0.7598276125009843,5214756719.859316,5,S5_twin_shock_imf_bailout,united_states,USDC
404,0.7338272081587924,5084387801.86283,5,S5_twin_shock_imf_bailout,united_states,USDC
405,0.7467208756158615,4957278106.8162565,5,S5_twin_shock_imf_bailout,united_states,USDC
406,0.7376968529401902,4833346154.145848,5,S5_twin_shock_imf_bailout,united_states,USDC
407,0.7399256651028151,4712512500.2922,5,S5_twin_shock_imf_bailout,united_states,USDC
408,0.7734638298291866,4594699687.784894,5,S5_twin_shock_imf_bailout,united_states,USDC
409,0.7792395557598798,4479832195.590271,5,S5_twin_shock_imf_bailout,united_states,USDC
410,0.7737453669229665,4367836390.700514,5,S5_twin_shock_imf_bailout,united_states,USDC
411,0.742001673360793,4258640480.9330006,5,S5_twin_shock_imf_bailout,united_states,USDC
412,0.7561145131010878,4152174468.9096746,5,S5_twin_shock_imf_bailout,united_states,USDC
413,0.7582619444499943,4048370107.1869326,5,S5_twin_shock_imf_bailout,united_states,USDC
414,0.7636440093840065,3947160854.507259,5,S5_twin_shock_imf_bailout,united_states,USDC
415,0.7759827917235522,3848481833.144578,5,S5_twin_shock_imf_bailout,united_states,USDC
416,0.7710307051790202,3752269787.3159637,5,S5_twin_shock_imf_bailout,united_states,USDC
417,0.7757736794250745,3658463042.6330647,5,S5_twin_shock_imf_bailout,united_states,USDC
418,0.8028010359897945,3567001466.567238,5,S5_twin_shock_imf_bailout,united_states,USDC
419,0.7928182577411829,3477826429.903057,5,S5_twin_shock_imf_bailout,united_states,USDC
420,0.8044690038398226,3390880769.1554804,5,S5_twin_shock_imf_bailout,united_states,USDC
421,0.8004675448575328,3306108749.926594,5,S5_twin_shock_imf_bailout,united_states,USDC
422,0.8026428192820866,3223456031.178429,5,S5_twin_shock_imf_bailout,united_states,USDC
423,0.7849941552570956,3142869630.3989687,5,S5_twin_shock_imf_bailout,united_states,USDC
424,0.769388096295955,3064297889.638994,5,S5_twin_shock_imf_bailout,united_states,USDC
425,0.7316567662917427,2987690442.3980193,5,S5_twin_shock_imf_bailout,united_states,USDC
426,0.7314493020589108,2912998181.338069,5,S5_twin_shock_imf_bailout,united_states,USDC
427,0.7332512765733009,2840173226.8046174,5,S5_twin_shock_imf_bailout,united_states,USDC
428,0.7247407898393815,2769168896.1345015,5,S5_twin_shock_imf_bailout,united_states,USDC
429,0.7535572431741252,2699939673.731139,5,S5_twin_shock_imf_bailout,united_states,USDC
430,0.7449592348472767,2632441181.887861,5,S5_twin_shock_imf_bailout,united_states,USDC
431,0.7745282167618788,2566630152.340664,5,S5_twin_shock_imf_bailout,united_states,USDC
432,0.792849217349668,2502464398.5321474,5,S5_twin_shock_imf_bailout,united_states,USDC
433,0.7843160886743401,2439902788.568844,5,S5_twin_shock_imf_bailout,united_states,USDC
434,0.7749869995963304,2378905218.854623,5,S5_twin_shock_imf_bailout,united_states,USDC
435,0.742010810661994,2319432588.3832574,5,S5_twin_shock_imf_bailout,united_states,USDC
436,0.7434175229704824,2261446773.6736755,5,S5_twin_shock_imf_bailout,united_states,USDC
437,0.729415978096804,2204910604.331834,5,S5_twin_shock_imf_bailout,united_states,USDC
438,0.7317330773048998,2149787839.223538,5,S5_twin_shock_imf_bailout,united_states,USDC
439,0.767514836721069,2096043143.2429495,5,S5_twin_shock_imf_bailout,united_states,USDC
440,0.7547304583690395,2043642064.6618757,5,S5_twin_shock_imf_bailout,united_states,USDC
441,0.7549698079963164,1992551013.045329,5,S5_twin_shock_imf_bailout,united_states,USDC
442,0.7669518225029928,1942737237.7191958,5,S5_twin_shock_imf_bailout,united_states,USDC
443,0.7789871925470615,1894168806.776216,5,S5_twin_shock_imf_bailout,united_states,USDC
444,0.7790298712032778,1846814586.6068106,5,S5_twin_shock_imf_bailout,united_states,USDC
445,0.7543198672645985,1800644221.9416404,5,S5_twin_shock_imf_bailout,united_states,USDC
446,0.7536192326285527,1755628116.3930993,5,S5_twin_shock_imf_bailout,united_states,USDC
447,0.7729657751380595,1711737413.4832718,5,S5_twin_shock_imf_bailout,united_states,USDC
448,0.779524373530915,1668943978.14619,5,S5_twin_shock_imf_bailout,united_states,USDC
449,0.8095916234313606,1627220378.6925354,5,S5_twin_shock_imf_bailout,united_states,USDC
450,0.8135515761087758,1586539869.2252219,5,S5_twin_shock_imf_bailout,united_states,USDC
451,0.7875806861615536,1546876372.4945915,5,S5_twin_shock_imf_bailout,united_states,USDC
452,0.7890258143368091,1508204463.1822267,5,S5_twin_shock_imf_bailout,united_states,USDC
453,0.7775012399970411,1470499351.6026711,5,S5_twin_shock_imf_bailout,united_states,USDC
454,0.7929759745629306,1433736867.8126044,5,S5_twin_shock_imf_bailout,united_states,USDC
455,0.793997000150515,1397893446.117289,5,S5_twin_shock_imf_bailout,united_states,USDC
456,0.7863650338497565,1362946109.964357,5,S5_twin_shock_imf_bailout,united_states,USDC
457,0.7737793626773373,1328872457.215248,5,S5_twin_shock_imf_bailout,united_states,USDC
458,0.7937169834189912,1295650645.7848668,5,S5_twin_shock_imf_bailout,united_states,USDC
459,0.8062540968639181,1263259379.6402452,5,S5_twin_shock_imf_bailout,united_states,USDC
460,0.8136374007065303,1231677895.149239,5,S5_twin_shock_imf_bailout,united_states,USDC
461,0.7931558960494403,1200885947.7705083,5,S5_twin_shock_imf_bailout,united_states,USDC
462,0.8113765471345218,1170863799.0762453,5,S5_twin_shock_imf_bailout,united_states,USDC
463,0.8349305759282668,1141592204.0993392,5,S5_twin_shock_imf_bailout,united_states,USDC
464,0.8119909456833351,1113052398.9968557,5,S5_twin_shock_imf_bailout,united_states,USDC
465,0.7401421611148731,1085226089.0219345,5,S5_twin_shock_imf_bailout,united_states,USDC
466,0.7218399743035969,1058095436.796386,5,S5_twin_shock_imf_bailout,united_states,USDC
467,0.7423209237225916,1031643050.8764764,5,S5_twin_shock_imf_bailout,united_states,USDC
468,0.7655206746575057,1005851974.6045644,5,S5_twin_shock_imf_bailout,united_states,USDC
469,0.7416369628497,980705675.2394503,5,S5_twin_shock_imf_bailout,united_states,USDC
470,0.7325796874590456,956188033.358464,5,S5_twin_shock_imf_bailout,united_states,USDC
471,0.7432406607432028,932283332.5245025,5,S5_twin_shock_imf_bailout,united_states,USDC
472,0.7679185131463089,908976249.21139,5,S5_twin_shock_imf_bailout,united_states,USDC
473,0.7945837043824224,886251842.9811052,5,S5_twin_shock_imf_bailout,united_states,USDC
474,0.7797928782206928,864095546.9065776,5,S5_twin_shock_imf_bailout,united_states,USDC
475,0.7648953356519071,842493158.2339132,5,S5_twin_shock_imf_bailout,united_states,USDC
476,0.7539574683836056,821430829.2780652,5,S5_twin_shock_imf_bailout,united_states,USDC
477,0.7786361267967101,800895058.5461137,5,S5_twin_shock_imf_bailout,united_states,USDC
478,0.7895761635831979,780872682.0824609,5,S5_twin_shock_imf_bailout,united_states,USDC
479,0.8294714749990683,761350865.0303993,5,S5_twin_shock_imf_bailout,united_states,USDC
480,0.8293102844711215,742317093.4046394,5,S5_twin_shock_imf_bailout,united_states,USDC
481,0.8404743846358834,723759166.0695233,5,S5_twin_shock_imf_bailout,united_states,USDC
482,0.833373691521701,705665186.9177853,5,S5_twin_shock_imf_bailout,united_states,USDC
483,0.8084722774810904,688023557.2448406,5,S5_twin_shock_imf_bailout,united_states,USDC
484,0.7975626722393933,670822968.3137195,5,S5_twin_shock_imf_bailout,united_states,USDC
485,0.786474491820083,654052394.1058766,5,S5_twin_shock_imf_bailout,united_states,USDC
486,0.7812737241682136,637701084.2532296,5,S5_twin_shock_imf_bailout,united_states,USDC
487,0.7943216247093118,621758557.146899,5,S5_twin_shock_imf_bailout,united_states,USDC
488,0.7751395508690984,606214593.2182264,5,S5_twin_shock_imf_bailout,united_states,USDC
489,0.7635656137836774,591059228.3877708,5,S5_twin_shock_imf_bailout,united_states,USDC
490,0.7723085162153323,576282747.6780765,5,S5_twin_shock_imf_bailout,united_states,USDC
491,0.7883686065848408,561875678.9861245,5,S5_twin_shock_imf_bailout,united_states,USDC
492,0.8052945838366167,547828787.0114715,5,S5_twin_shock_imf_bailout,united_states,USDC
493,0.7822947650596712,534133067.3361846,5,S5_twin_shock_imf_bailout,united_states,USDC
494,0.7897813063438959,520779740.65278006,5,S5_twin_shock_imf_bailout,united_states,USDC
495,0.7999114693625713,507760247.13646054,5,S5_twin_shock_imf_bailout,united_states,USDC
496,0.7785496100423415,495066240.95804906,5,S5_twin_shock_imf_bailout,united_states,USDC
497,0.7739589908442146,482689584.93409777,5,S5_twin_shock_imf_bailout,united_states,USDC
498,0.7735939732149224,470622345.31074536,5,S5_twin_shock_imf_bailout,united_states,USDC
499,0.7678279606067164,458856786.6779767,5,S5_twin_shock_imf_bailout,united_states,USDC
500,0.7472359979682268,447385367.01102734,5,S5_twin_shock_imf_bailout,united_states,USDC
501,0.7538350621742158,436200732.83575165,5,S5_twin_shock_imf_bailout,united_states,USDC
502,0.7413917811996,425295714.5148579,5,S5_twin_shock_imf_bailout,united_states,USDC
503,0.7696037729456412,414663321.65198636,5,S5_twin_shock_imf_bailout,united_states,USDC
504,0.7674384408484304,404296738.6106867,5,S5_twin_shock_imf_bailout,united_states,USDC
505,0.7364551045129204,394189320.1454195,5,S5_twin_shock_imf_bailout,united_states,USDC
506,0.7385560444832713,384334587.1417841,5,S5_twin_shock_imf_bailout,united_states,USDC
507,0.7301288844875646,374726222.46323943,5,S5_twin_shock_imf_bailout,united_states,USDC
508,0.7125755028026255,365358066.9016585,5,S5_twin_shock_imf_bailout,united_states,USDC
509,0.7053233088688734,356224115.229117,5,S5_twin_shock_imf_bailout,united_states,USDC
510,0.7475394736503395,347318512.348389,5,S5_twin_shock_imf_bailout,united_states,USDC
511,0.7532819158441023,338635549.5396793,5,S5_twin_shock_imf_bailout,united_states,USDC
512,0.7624767949236649,330169660.80118734,5,S5_twin_shock_imf_bailout,united_states,USDC
513,0.7643831324882785,321915419.2811576,5,S5_twin_shock_imf_bailout,united_states,USDC
514,0.7686120495050631,313867533.7991287,5,S5_twin_shock_imf_bailout,united_states,USDC
515,0.7784118106414868,306020845.4541505,5,S5_twin_shock_imf_bailout,united_states,USDC
516,0.7518484170472683,298370324.3177967,5,S5_twin_shock_imf_bailout,united_states,USDC
517,0.7435352606592204,290911066.2098518,5,S5_twin_shock_imf_bailout,united_states,USDC
518,0.7580887549260127,283638289.5546055,5,S5_twin_shock_imf_bailout,united_states,USDC
519,0.783757062753966,276547332.3157404,5,S5_twin_shock_imf_bailout,united_states,USDC
520,0.7866443001018628,269633649.00784683,5,S5_twin_shock_imf_bailout,united_states,USDC
521,0.7789452683041227,262892807.78265065,5,S5_twin_shock_imf_bailout,united_states,USDC
522,0.7813841705007418,256320487.5880844,5,S5_twin_shock_imf_bailout,united_states,USDC
523,0.7695023110472075,249912475.3983823,5,S5_twin_shock_imf_bailout,united_states,USDC
524,0.7929503810430408,243664663.51342273,5,S5_twin_shock_imf_bailout,united_states,USDC
525,0.7854211953218203,237573046.92558718,5,S5_twin_shock_imf_bailout,united_states,USDC
526,0.7791365378464441,231633720.7524475,5,S5_twin_shock_imf_bailout,united_states,USDC
527,0.8086233593693039,225842877.73363632,5,S5_twin_shock_imf_bailout,united_states,USDC
528,0.8094753346410374,220196805.79029536,5,S5_twin_shock_imf_bailout,united_states,USDC
529,0.8181194785806769,214691885.645538,5,S5_twin_shock_imf_bailout,united_states,USDC
530,0.841086397712211,209324588.50439954,5,S5_twin_shock_imf_bailout,united_states,USDC
531,0.8758094189753531,204091473.79178953,5,S5_twin_shock_imf_bailout,united_states,USDC
532,0.862810663892926,198989186.94699484,5,S5_twin_shock_imf_bailout,united_states,USDC
533,0.859223451474969,194014457.27331993,5,S5_twin_shock_imf_bailout,united_states,USDC
534,0.8328110732488117,189164095.84148693,5,S5_twin_shock_imf_bailout,united_states,USDC
535,0.8683947810578125,184434993.44544977,5,S5_twin_shock_imf_bailout,united_states,USDC
536,0.8504675733729292,179824118.60931352,5,S5_twin_shock_imf_bailout,united_states,USDC
537,0.8443184868461058,175328515.6440807,5,S5_twin_shock_imf_bailout,united_states,USDC
538,0.806902777462931,170945302.75297868,5,S5_twin_shock_imf_bailout,united_states,USDC
539,0.8249959621459924,166671670.1841542,5,S5_twin_shock_imf_bailout,united_states,USDC
540,0.8084716645161978,162504878.42955035,5,S5_twin_shock_imf_bailout,united_states,USDC
541,0.8265386177236307,158442256.46881157,5,S5_twin_shock_imf_bailout,united_states,USDC
542,0.8130280379431997,154481200.0570913,5,S5_twin_shock_imf_bailout,united_states,USDC
543,0.8218032114478915,150619170.055664,5,S5_twin_shock_imf_bailout,united_states,USDC
544,0.8293924154547895,146853690.8042724,5,S5_twin_shock_imf_bailout,united_states,USDC
545,0.826113553886822,143182348.53416562,5,S5_twin_shock_imf_bailout,united_states,USDC
546,0.8154165086787925,139602789.82081148,5,S5_twin_shock_imf_bailout,united_states,USDC
547,0.8184419214675928,136112720.0752912,5,S5_twin_shock_imf_bailout,united_states,USDC
548,0.8041465388084366,132709902.0734089,5,S5_twin_shock_imf_bailout,united_states,USDC
549,0.8036925607377232,129392154.52157368,5,S5_twin_shock_imf_bailout,united_states,USDC
550,0.8036688564786458,126157350.65853433,5,S5_twin_shock_imf_bailout,united_states,USDC
551,0.8116401718648288,123003416.89207098,5,S5_twin_shock_imf_bailout,united_states,USDC
552,0.7931152580507506,119928331.46976921,5,S5_twin_shock_imf_bailout,united_states,USDC
553,0.8258465905660463,116930123.18302499,5,S5_twin_shock_imf_bailout,united_states,USDC
554,0.8468696763263827,114006870.10344937,5,S5_twin_shock_imf_bailout,united_states,USDC
555,0.836989166978365,111156698.35086313,5,S5_twin_shock_imf_bailout,united_states,USDC
556,0.8091095096936282,108377780.89209154,5,S5_twin_shock_imf_bailout,united_states,USDC
557,0.8180425631601516,105668336.36978927,5,S5_twin_shock_imf_bailout,united_states,USDC
558,0.8073790063574974,103026627.96054454,5,S5_twin_shock_imf_bailout,united_states,USDC
559,0.8114331129896647,100450962.26153094,5,S5_twin_shock_imf_bailout,united_states,USDC
560,0.8362887608170748,97939688.20499265,5,S5_twin_shock_imf_bailout,united_states,USDC
561,0.8172508652401314,95491195.99986784,5,S5_twin_shock_imf_bailout,united_states,USDC
562,0.8065499543572449,93103916.09987114,5,S5_twin_shock_imf_bailout,united_states,USDC
563,0.8363457037646995,90776318.19737437,5,S5_twin_shock_imf_bailout,united_states,USDC
564,0.8440122750277235,88506910.24244,5,S5_twin_shock_imf_bailout,united_states,USDC
565,0.8271601718727438,86294237.48637901,5,S5_twin_shock_imf_bailout,united_states,USDC
566,0.8332421838434954,84136881.54921952,5,S5_twin_shock_imf_bailout,united_states,USDC
567,0.8392557118003109,82033459.51048905,5,S5_twin_shock_imf_bailout,united_states,USDC
568,0.8282324375926718,79982623.02272682,5,S5_twin_shock_imf_bailout,united_states,USDC
569,0.8268381077940729,77983057.44715865,5,S5_twin_shock_imf_bailout,united_states,USDC
570,0.8554474950117676,76033481.01097968,5,S5_twin_shock_imf_bailout,united_states,USDC
571,0.8440121490325779,74132643.9857052,5,S5_twin_shock_imf_bailout,united_states,USDC
572,0.8151623316829331,72279327.88606256,5,S5_twin_shock_imf_bailout,united_states,USDC
573,0.8221076767486958,70472344.68891099,5,S5_twin_shock_imf_bailout,united_states,USDC
574,0.842020291088487,68710536.07168822,5,S5_twin_shock_imf_bailout,united_states,USDC
575,0.8423762124934452,66992772.66989601,5,S5_twin_shock_imf_bailout,united_states,USDC
576,0.8583996449920357,65317953.3531486,5,S5_twin_shock_imf_bailout,united_states,USDC
577,0.8500026519879342,63685004.51931989,5,S5_twin_shock_imf_bailout,united_states,USDC
578,0.8291026194498566,62092879.40633689,5,S5_twin_shock_imf_bailout,united_states,USDC
579,0.8271781650860408,60540557.42117847,5,S5_twin_shock_imf_bailout,united_states,USDC
580,0.8200121071761945,59027043.485649005,5,S5_twin_shock_imf_bailout,united_states,USDC
581,0.8068755499639347,57551367.39850779,5,S5_twin_shock_imf_bailout,united_states,USDC
582,0.6835995771976491,56112583.213545084,5,S5_twin_shock_imf_bailout,united_states,USDC
583,0.6910251761175793,54709768.63320646,5,S5_twin_shock_imf_bailout,united_states,USDC
584,0.6801097094898343,53342024.417376295,5,S5_twin_shock_imf_bailout,united_states,USDC
585,0.6974165167313129,52008473.80694189,5,S5_twin_shock_imf_bailout,united_states,USDC
586,0.7074603925081208,50708261.961768344,5,S5_twin_shock_imf_bailout,united_states,USDC
587,0.6957211141010269,49440555.41272413,5,S5_twin_shock_imf_bailout,united_states,USDC
588,0.6998982675596742,48204541.52740603,5,S5_twin_shock_imf_bailout,united_states,USDC
589,0.7120876672572338,46999427.98922087,5,S5_twin_shock_imf_bailout,united_states,USDC
590,0.7257579856845227,45824442.28949036,5,S5_twin_shock_imf_bailout,united_states,USDC
591,0.7450259713932187,44678831.2322531,5,S5_twin_shock_imf_bailout,united_states,USDC
592,0.7345264790970478,43561860.45144677,5,S5_twin_shock_imf_bailout,united_states,USDC
593,0.7317967892164116,42472813.9401606,5,S5_twin_shock_imf_bailout,united_states,USDC
594,0.7510831411401703,41410993.59165658,5,S5_twin_shock_imf_bailout,united_states,USDC
595,0.7618916079708415,40375718.75186516,5,S5_twin_shock_imf_bailout,united_states,USDC
596,0.7815942536420426,39366325.78306854,5,S5_twin_shock_imf_bailout,united_states,USDC
597,0.7839341531848979,38382167.638491824,5,S5_twin_shock_imf_bailout,united_states,USDC
598,0.7843809124774874,37422613.44752953,5,S5_twin_shock_imf_bailout,united_states,USDC
599,0.792408419868321,36487048.11134129,5,S5_twin_shock_imf_bailout,united_states,USDC
600,0.7862731791632059,35574871.90855776,5,S5_twin_shock_imf_bailout,united_states,USDC
601,0.7613513974307929,34685500.11084382,5,S5_twin_shock_imf_bailout,united_states,USDC
602,0.7649724027568794,33818362.60807272,5,S5_twin_shock_imf_bailout,united_states,USDC
603,0.7815301957429093,32972903.542870905,5,S5_twin_shock_imf_bailout,united_states,USDC
604,0.7901810800563008,32148580.95429913,5,S5_twin_shock_imf_bailout,united_states,USDC
605,0.772402297350777,31344866.430441655,5,S5_twin_shock_imf_bailout,united_states,USDC
606,0.7808960020774398,30561244.76968062,5,S5_twin_shock_imf_bailout,united_states,USDC
607,0.7912856890513934,29797213.6504386,5,S5_twin_shock_imf_bailout,united_states,USDC
608,0.7975260771229467,29052283.309177637,5,S5_twin_shock_imf_bailout,united_states,USDC
609,0.8099570626278546,28325976.226448197,5,S5_twin_shock_imf_bailout,united_states,USDC
610,0.8089228705004429,27617826.82078699,5,S5_twin_shock_imf_bailout,united_states,USDC
611,0.8083583093161016,26927381.150267318,5,S5_twin_shock_imf_bailout,united_states,USDC
612,0.7828904973568318,26254196.621510632,5,S5_twin_shock_imf_bailout,united_states,USDC
613,0.8113786339029522,25597841.705972865,5,S5_twin_shock_imf_bailout,united_states,USDC
614,0.8293406830190915,24957895.663323544,5,S5_twin_shock_imf_bailout,united_states,USDC
615,0.8191613170806263,24333948.271740455,5,S5_twin_shock_imf_bailout,united_states,USDC
616,0.8037725108890734,23725599.564946942,5,S5_twin_shock_imf_bailout,united_states,USDC
617,0.8107407252140444,23132459.57582327,5,S5_twin_shock_imf_bailout,united_states,USDC
618,0.8311019495903529,22554148.08642769,5,S5_twin_shock_imf_bailout,united_states,USDC
619,0.8405003495213206,21990294.384266995,5,S5_twin_shock_imf_bailout,united_states,USDC
620,0.801074791473659,21440537.02466032,5,S5_twin_shock_imf_bailout,united_states,USDC
621,0.7709199988008305,20904523.599043813,5,S5_twin_shock_imf_bailout,united_states,USDC
622,0.7845229323516268,20381910.509067718,5,S5_twin_shock_imf_bailout,united_states,USDC
623,0.7690523949593817,19872362.746341024,5,S5_twin_shock_imf_bailout,united_states,USDC
624,0.7869954007459988,19375553.677682497,5,S5_twin_shock_imf_bailout,united_states,USDC
625,0.7771278587244518,18891164.835740436,5,S5_twin_shock_imf_bailout,united_states,USDC
626,0.7479019666505203,18418885.714846924,5,S5_twin_shock_imf_bailout,united_states,USDC
627,0.7341107624753114,17958413.571975753,5,S5_twin_shock_imf_bailout,united_states,USDC
628,0.7361557939054096,17509453.232676357,5,S5_twin_shock_imf_bailout,united_states,USDC
629,0.7498400195161677,17071716.901859447,5,S5_twin_shock_imf_bailout,united_states,USDC
630,0.729034864978238,16644923.97931296,5,S5_twin_shock_imf_bailout,united_states,USDC
631,0.7299916190688757,16228800.879830137,5,S5_twin_shock_imf_bailout,united_states,USDC
632,0.7235283390637159,15823080.857834384,5,S5_twin_shock_imf_bailout,united_states,USDC
633,0.724295228011993,15427503.836388525,5,S5_twin_shock_imf_bailout,united_states,USDC
634,0.7074530621499746,15041816.240478814,5,S5_twin_shock_imf_bailout,united_states,USDC
635,0.7048694397690868,14665770.834466841,5,S5_twin_shock_imf_bailout,united_states,USDC
636,0.7152992373479273,14299126.56360517,5,S5_twin_shock_imf_bailout,united_states,USDC
637,0.7258989650489799,13941648.399515042,5,S5_twin_shock_imf_bailout,united_states,USDC
638,0.7304949710359083,13593107.189527165,5,S5_twin_shock_imf_bailout,united_states,USDC
639,0.7472650533962272,13253279.509788986,5,S5_twin_shock_imf_bailout,united_states,USDC
640,0.770219681018451,12921947.522044262,5,S5_twin_shock_imf_bailout,united_states,USDC
641,0.8125077556530518,12598898.833993156,5,S5_twin_shock_imf_bailout,united_states,USDC
642,0.7070571322622726,12283926.363143327,5,S5_twin_shock_imf_bailout,united_states,USDC
643,0.7318974440214709,11976828.204064744,5,S5_twin_shock_imf_bailout,united_states,USDC
644,0.7373186548551179,11677407.498963125,5,S5_twin_shock_imf_bailout,united_states,USDC
645,0.7665947302302114,11385472.311489046,5,S5_twin_shock_imf_bailout,united_states,USDC
646,0.7668152751227436,11100835.503701821,5,S5_twin_shock_imf_bailout,united_states,USDC
647,0.7749304750181477,10823314.616109274,5,S5_twin_shock_imf_bailout,united_states,USDC
648,0.7963642970295666,10552731.750706542,5,S5_twin_shock_imf_bailout,united_states,USDC
649,0.8043973076289604,10288913.45693888,5,S5_twin_shock_imf_bailout,united_states,USDC
650,0.8154876875503386,10031690.620515408,5,S5_twin_shock_imf_bailout,united_states,USDC
651,0.8249778037917287,9780898.355002522,5,S5_twin_shock_imf_bailout,united_states,USDC
652,0.8328116026634736,9536375.896127459,5,S5_twin_shock_imf_bailout,united_states,USDC
653,0.8118861514132261,9297966.498724272,5,S5_twin_shock_imf_bailout,united_states,USDC
654,0.8212935379294589,9065517.336256165,5,S5_twin_shock_imf_bailout,united_states,USDC
655,0.8304790464525884,8838879.40284976,5,S5_twin_shock_imf_bailout,united_states,USDC
656,0.8221417746524782,8617907.417778518,5,S5_twin_shock_imf_bailout,united_states,USDC
657,0.7944380471058508,8402459.732334055,5,S5_twin_shock_imf_bailout,united_states,USDC
658,0.781845931011475,8192398.239025703,5,S5_twin_shock_imf_bailout,united_states,USDC
659,0.8102039468606851,7987588.28305006,5,S5_twin_shock_imf_bailout,united_states,USDC
660,0.7967400990129593,7787898.575973809,5,S5_twin_shock_imf_bailout,united_states,USDC
661,0.7993953213750971,7593201.111574464,5,S5_twin_shock_imf_bailout,united_states,USDC
662,0.8122924073126071,7403371.083785104,5,S5_twin_shock_imf_bailout,united_states,USDC
663,0.7934174678877309,7218286.806690475,5,S5_twin_shock_imf_bailout,united_states,USDC
664,0.7813637959929881,7037829.636523213,5,S5_twin_shock_imf_bailout,united_states,USDC
665,0.7736736126634575,6861883.895610133,5,S5_twin_shock_imf_bailout,united_states,USDC
666,0.7756063244812873,6690336.79821988,5,S5_twin_shock_imf_bailout,united_states,USDC
667,0.7572075528566471,6523078.3782643825,5,S5_twin_shock_imf_bailout,united_states,USDC
668,0.7422027400929259,6360001.418807774,5,S5_twin_shock_imf_bailout,united_states,USDC
669,0.7525964903380259,6201001.38333758,5,S5_twin_shock_imf_bailout,united_states,USDC
670,0.7410065239159274,6045976.348754141,5,S5_twin_shock_imf_bailout,united_states,USDC
671,0.7633276687516322,5894826.940035286,5,S5_twin_shock_imf_bailout,united_states,USDC
672,0.7585430790803455,5747456.266534405,5,S5_twin_shock_imf_bailout,united_states,USDC
673,0.7666983677904883,5603769.859871045,5,S5_twin_shock_imf_bailout,united_states,USDC
674,0.7790061517774521,5463675.613374269,5,S5_twin_shock_imf_bailout,united_states,USDC
675,0.7915350973407693,5327083.723039912,5,S5_twin_shock_imf_bailout,united_states,USDC
676,0.7756309533265097,5193906.629963914,5,S5_twin_shock_imf_bailout,united_states,USDC
677,0.7804514478703318,5064058.964214817,5,S5_twin_shock_imf_bailout,united_states,USDC
678,0.8035180129357019,4937457.4901094455,5,S5_twin_shock_imf_bailout,united_states,USDC
679,0.8073926001280636,4814021.05285671,5,S5_twin_shock_imf_bailout,united_states,USDC
680,0.7827148674486624,4693670.526535291,5,S5_twin_shock_imf_bailout,united_states,USDC
681,0.7953602291704815,4576328.763371909,5,S5_twin_shock_imf_bailout,united_states,USDC
682,0.7999853193986963,4461920.544287612,5,S5_twin_shock_imf_bailout,united_states,USDC
683,0.8049418032065445,4350372.530680422,5,S5_twin_shock_imf_bailout,united_states,USDC
684,0.7937638426983448,4241613.217413411,5,S5_twin_shock_imf_bailout,united_states,USDC
685,0.7804708437025742,4135572.886978075,5,S5_twin_shock_imf_bailout,united_states,USDC
686,0.7937327173503662,4032183.5648036236,5,S5_twin_shock_imf_bailout,united_states,USDC
687,0.7920886009543733,3931378.9756835327,5,S5_twin_shock_imf_bailout,united_states,USDC
688,0.7921566852317805,3833094.5012914445,5,S5_twin_shock_imf_bailout,united_states,USDC
689,0.7910351994943263,3737267.1387591586,5,S5_twin_shock_imf_bailout,united_states,USDC
690,0.7894443019455692,3643835.4602901796,5,S5_twin_shock_imf_bailout,united_states,USDC
691,0.7872398473524015,3552739.5737829255,5,S5_twin_shock_imf_bailout,united_states,USDC
692,0.8193659250646171,3463921.084438352,5,S5_twin_shock_imf_bailout,united_states,USDC
693,0.8475607514988468,3377323.0573273925,5,S5_twin_shock_imf_bailout,united_states,USDC
694,0.8701412333082875,3292889.980894208,5,S5_twin_shock_imf_bailout,united_states,USDC
695,0.858651321247668,3210567.7313718535,5,S5_twin_shock_imf_bailout,united_states,USDC
696,0.847199210950746,3130303.5380875566,5,S5_twin_shock_imf_bailout,united_states,USDC
697,0.8607988921972026,3052045.949635368,5,S5_twin_shock_imf_bailout,united_states,USDC
698,0.8658232785117517,2975744.8008944835,5,S5_twin_shock_imf_bailout,united_states,USDC
699,0.870630438995233,2901351.180872122,5,S5_twin_shock_imf_bailout,united_states,USDC
700,0.8699450157537018,2828817.4013503185,5,S5_twin_shock_imf_bailout,united_states,USDC
701,0.8835353132864082,2758096.9663165607,5,S5_twin_shock_imf_bailout,united_states,USDC
702,0.8843205548887438,2689144.5421586465,5,S5_twin_shock_imf_bailout,united_states,USDC
703,0.89265111381999,2621915.92860468,5,S5_twin_shock_imf_bailout,united_states,USDC
704,0.8702524902275699,2556368.030389563,5,S5_twin_shock_imf_bailout,united_states,USDC
705,0.8634397575741143,2492458.829629824,5,S5_twin_shock_imf_bailout,united_states,USDC
706,0.8449280219870512,2430147.3588890787,5,S5_twin_shock_imf_bailout,united_states,USDC
707,0.8483831787272633,2369393.6749168513,5,S5_twin_shock_imf_bailout,united_states,USDC
708,0.8504895635393681,2310158.83304393,5,S5_twin_shock_imf_bailout,united_states,USDC
709,0.8443050024939406,2252404.8622178324,5,S5_twin_shock_imf_bailout,united_states,USDC
710,0.8500524786095857,2196094.7406623866,5,S5_twin_shock_imf_bailout,united_states,USDC
711,0.826036844158467,2141192.372145827,5,S5_twin_shock_imf_bailout,united_states,USDC
712,0.8439215547942466,2087662.5628421814,5,S5_twin_shock_imf_bailout,united_states,USDC
713,0.8412593988412251,2035470.9987711266,5,S5_twin_shock_imf_bailout,united_states,USDC
714,0.8403082973782339,1984584.2238018485,5,S5_twin_shock_imf_bailout,united_states,USDC
715,0.8134943710478263,1934969.6182068023,5,S5_twin_shock_imf_bailout,united_states,USDC
716,0.824572446455791,1886595.3777516321,5,S5_twin_shock_imf_bailout,united_states,USDC
717,0.8007621068301694,1839430.493307841,5,S5_twin_shock_imf_bailout,united_states,USDC
718,0.8111732516884739,1793444.7309751455,5,S5_twin_shock_imf_bailout,united_states,USDC
719,0.8004169932391837,1748608.6127007664,5,S5_twin_shock_imf_bailout,united_states,USDC
720,0.8111335730233687,1704893.3973832473,5,S5_twin_shock_imf_bailout,united_states,USDC
721,0.7963854165867185,1662271.0624486662,5,S5_twin_shock_imf_bailout,united_states,USDC
722,0.8003805766464712,1620714.2858874495,5,S5_twin_shock_imf_bailout,united_states,USDC
723,0.7804392289737684,1580196.4287402635,5,S5_twin_shock_imf_bailout,united_states,USDC
724,0.8060491427065342,1540691.5180217568,5,S5_twin_shock_imf_bailout,united_states,USDC
725,0.7775357323106922,1502174.2300712129,5,S5_twin_shock_imf_bailout,united_states,USDC
726,0.7886103560412688,1464619.8743194325,5,S5_twin_shock_imf_bailout,united_states,USDC
727,0.7779333847804775,1428004.3774614467,5,S5_twin_shock_imf_bailout,united_states,USDC
728,0.7793975780830623,1392304.2680249107,5,S5_twin_shock_imf_bailout,united_states,USDC
729,0.7863167706992337,1357496.6613242878,5,S5_twin_shock_imf_bailout,united_states,USDC
730,0.8084654806272755,1323559.2447911808,5,S5_twin_shock_imf_bailout,united_states,USDC
731,0.8169062980531524,1290470.263671401,5,S5_twin_shock_imf_bailout,united_states,USDC
732,0.8343099847871488,1258208.5070796162,5,S5_twin_shock_imf_bailout,united_states,USDC
733,0.831975775898953,1226753.2944026256,5,S5_twin_shock_imf_bailout,united_states,USDC
734,0.8117543062360527,1196084.4620425599,5,S5_twin_shock_imf_bailout,united_states,USDC
735,0.8260756011243032,1166182.350491496,5,S5_twin_shock_imf_bailout,united_states,USDC
736,0.841669345875916,1137027.7917292085,5,S5_twin_shock_imf_bailout,united_states,USDC
737,0.8017735912155033,1108602.0969359784,5,S5_twin_shock_imf_bailout,united_states,USDC
738,0.808317020557072,1080887.044512579,5,S5_twin_shock_imf_bailout,united_states,USDC
739,0.8097354877061416,1053864.8683997644,5,S5_twin_shock_imf_bailout,united_states,USDC
740,0.8048779450693102,1027518.2466897704,5,S5_twin_shock_imf_bailout,united_states,USDC
741,0.7925296318887461,1001830.290522526,5,S5_twin_shock_imf_bailout,united_states,USDC
742,0.7983712134187482,976784.5332594628,5,S5_twin_shock_imf_bailout,united_states,USDC
743,0.7722323612093782,952364.9199279763,5,S5_twin_shock_imf_bailout,united_states,USDC
744,0.7677200542407192,928555.796929777,5,S5_twin_shock_imf_bailout,united_states,USDC
745,0.7893448137312585,905341.9020065325,5,S5_twin_shock_imf_bailout,united_states,USDC
746,0.7616087264745827,882708.3544563693,5,S5_twin_shock_imf_bailout,united_states,USDC
747,0.7875374139010237,860640.6455949598,5,S5_twin_shock_imf_bailout,united_states,USDC
748,0.7754071111970727,839124.629455086,5,S5_twin_shock_imf_bailout,united_states,USDC
749,0.7695647207938379,818146.5137187088,5,S5_twin_shock_imf_bailout,united_states,USDC
750,0.7566257515353562,797692.8508757411,5,S5_twin_shock_imf_bailout,united_states,USDC
751,0.7889271472502615,777750.5296038475,5,S5_twin_shock_imf_bailout,united_states,USDC
752,0.822364115696472,758306.7663637514,5,S5_twin_shock_imf_bailout,united_states,USDC
753,0.8196269997338973,739349.0972046575,5,S5_twin_shock_imf_bailout,united_states,USDC
754,0.8533227917244025,720865.3697745411,5,S5_twin_shock_imf_bailout,united_states,USDC
755,0.8333226354807034,702843.7355301776,5,S5_twin_shock_imf_bailout,united_states,USDC
756,0.8487686263512503,685272.6421419232,5,S5_twin_shock_imf_bailout,united_states,USDC
757,0.8534481437617236,668140.8260883751,5,S5_twin_shock_imf_bailout,united_states,USDC
758,0.8377724633803862,651437.3054361657,5,S5_twin_shock_imf_bailout,united_states,USDC
759,0.8254750921618056,635151.3728002615,5,S5_twin_shock_imf_bailout,united_states,USDC
760,0.8077417128941475,619272.588480255,5,S5_twin_shock_imf_bailout,united_states,USDC
761,0.7997347865609564,603790.7737682486,5,S5_twin_shock_imf_bailout,united_states,USDC
762,0.8049800852070687,588696.0044240424,5,S5_twin_shock_imf_bailout,united_states,USDC
763,0.8205806298663179,573978.6043134413,5,S5_twin_shock_imf_bailout,united_states,USDC
764,0.8231623299610925,559629.1392056053,5,S5_twin_shock_imf_bailout,united_states,USDC
765,0.8296877813040355,545638.4107254652,5,S5_twin_shock_imf_bailout,united_states,USDC
766,0.8352292873643675,531997.4504573285,5,S5_twin_shock_imf_bailout,united_states,USDC
767,0.8386566151100113,518697.5141958953,5,S5_twin_shock_imf_bailout,united_states,USDC
768,0.8283716142366452,505730.07634099794,5,S5_twin_shock_imf_bailout,united_states,USDC
769,0.8104614791190229,493086.82443247305,5,S5_twin_shock_imf_bailout,united_states,USDC
770,0.799866892140132,480759.6538216612,5,S5_twin_shock_imf_bailout,united_states,USDC
771,0.77116401175347,468740.66247611964,5,S5_twin_shock_imf_bailout,united_states,USDC
772,0.7962103561486527,457022.14591421664,5,S5_twin_shock_imf_bailout,united_states,USDC
773,0.8114191773484989,445596.5922663613,5,S5_twin_shock_imf_bailout,united_states,USDC
774,0.7789636153840424,434456.67745970224,5,S5_twin_shock_imf_bailout,united_states,USDC
775,0.7889951500490806,423595.2605232097,5,S5_twin_shock_imf_bailout,united_states,USDC
776,0.7819443146542762,413005.3790101295,5,S5_twin_shock_imf_bailout,united_states,USDC
777,0.7598091247193113,402680.24453487626,5,S5_twin_shock_imf_bailout,united_states,USDC
778,0.7590513646267832,392613.2384215043,5,S5_twin_shock_imf_bailout,united_states,USDC
779,0.7746533823697016,382797.90746096673,5,S5_twin_shock_imf_bailout,united_states,USDC
780,0.7711775439352769,373227.95977444254,5,S5_twin_shock_imf_bailout,united_states,USDC
781,0.7705734170915854,363897.2607800815,5,S5_twin_shock_imf_bailout,united_states,USDC
782,0.7696438464988847,354799.8292605794,5,S5_twin_shock_imf_bailout,united_states,USDC
783,0.7976765543935946,345929.83352906496,5,S5_twin_shock_imf_bailout,united_states,USDC
784,0.8179088930747266,337281.5876908383,5,S5_twin_shock_imf_bailout,united_states,USDC
785,0.8026907821312825,328849.54799856734,5,S5_twin_shock_imf_bailout,united_states,USDC
786,0.7940992161138358,320628.30929860316,5,S5_twin_shock_imf_bailout,united_states,USDC
787,0.7973400675742065,312612.6015661381,5,S5_twin_shock_imf_bailout,united_states,USDC
788,0.8113314843233143,304797.28652698465,5,S5_twin_shock_imf_bailout,united_states,USDC
789,0.8118709935534378,297177.35436381004,5,S5_twin_shock_imf_bailout,united_states,USDC
790,0.7680348253756369,289747.92050471477,5,S5_twin_shock_imf_bailout,united_states,USDC
791,0.7826524208336852,282504.22249209695,5,S5_twin_shock_imf_bailout,united_states,USDC
792,0.821921166283896,275441.6169297945,5,S5_twin_shock_imf_bailout,united_states,USDC
793,0.81871534458925,268555.5765065496,5,S5_twin_shock_imf_bailout,united_states,USDC
794,0.8227841581225664,261841.6870938859,5,S5_twin_shock_imf_bailout,united_states,USDC
795,0.8272375526517916,255295.64491653876,5,S5_twin_shock_imf_bailout,united_states,USDC
796,0.861969398585657,248913.25379362528,5,S5_twin_shock_imf_bailout,united_states,USDC
797,0.8327050168399823,242690.42244878464,5,S5_twin_shock_imf_bailout,united_states,USDC
798,0.8453065311635845,236623.16188756505,5,S5_twin_shock_imf_bailout,united_states,USDC
799,0.8195387751974345,230707.5828403759,5,S5_twin_shock_imf_bailout,united_states,USDC
800,0.8115073630272416,224939.89326936653,5,S5_twin_shock_imf_bailout,united_states,USDC
801,0.8114725011491917,219316.39593763236,5,S5_twin_shock_imf_bailout,united_states,USDC
802,0.8469188705215119,213833.48603919154,5,S5_twin_shock_imf_bailout,united_states,USDC
803,0.8527620897507696,208487.64888821176,5,S5_twin_shock_imf_bailout,united_states,USDC
804,0.8484254999346182,203275.45766600646,5,S5_twin_shock_imf_bailout,united_states,USDC
805,0.8303279621766284,198193.5712243563,5,S5_twin_shock_imf_bailout,united_states,USDC
806,0.8486423203552833,193238.7319437474,5,S5_twin_shock_imf_bailout,united_states,USDC
807,0.8419260204602599,188407.76364515373,5,S5_twin_shock_imf_bailout,united_states,USDC
808,0.8139560794140918,183697.56955402487,5,S5_twin_shock_imf_bailout,united_states,USDC
809,0.8180961328713836,179105.13031517426,5,S5_twin_shock_imf_bailout,united_states,USDC
810,0.8174284146587476,174627.50205729489,5,S5_twin_shock_imf_bailout,united_states,USDC
811,0.7970139712311439,170261.81450586254,5,S5_twin_shock_imf_bailout,united_states,USDC
812,0.7912111095564021,166005.26914321596,5,S5_twin_shock_imf_bailout,united_states,USDC
813,0.7943576607882143,161855.13741463557,5,S5_twin_shock_imf_bailout,united_states,USDC
814,0.7796910589520573,157808.75897926965,5,S5_twin_shock_imf_bailout,united_states,USDC
815,0.7913320363508639,153863.5400047879,5,S5_twin_shock_imf_bailout,united_states,USDC
816,0.8097764330258356,150016.95150466822,5,S5_twin_shock_imf_bailout,united_states,USDC
817,0.8223271957346324,146266.52771705153,5,S5_twin_shock_imf_bailout,united_states,USDC
818,0.8154001964767661,142609.86452412524,5,S5_twin_shock_imf_bailout,united_states,USDC
819,0.8510699385806251,139044.61791102213,5,S5_twin_shock_imf_bailout,united_states,USDC
820,0.8509545482315216,135568.50246324655,5,S5_twin_shock_imf_bailout,united_states,USDC
821,0.8211238438755769,132179.28990166538,5,S5_twin_shock_imf_bailout,united_states,USDC
822,0.8500085747255911,128874.80765412377,5,S5_twin_shock_imf_bailout,united_states,USDC
823,0.837396092700284,125652.93746277067,5,S5_twin_shock_imf_bailout,united_states,USDC
824,0.8077520633211075,122511.61402620141,5,S5_twin_shock_imf_bailout,united_states,USDC
825,0.8005681248942667,119448.82367554636,5,S5_twin_shock_imf_bailout,united_states,USDC
826,0.7868762011908115,116462.60308365771,5,S5_twin_shock_imf_bailout,united_states,USDC
827,0.792661528245279,113551.03800656626,5,S5_twin_shock_imf_bailout,united_states,USDC
828,0.7946973611774388,110712.26205640212,5,S5_twin_shock_imf_bailout,united_states,USDC
829,0.8098536487794167,107944.45550499206,5,S5_twin_shock_imf_bailout,united_states,USDC
830,0.8298018652812679,105245.84411736726,5,S5_twin_shock_imf_bailout,united_states,USDC
831,0.8404986247286643,102614.69801443309,5,S5_twin_shock_imf_bailout,united_states,USDC
832,0.8520556681414766,100049.33056407225,5,S5_twin_shock_imf_bailout,united_states,USDC
833,0.8558041392971841,97548.09729997045,5,S5_twin_shock_imf_bailout,united_states,USDC
834,0.8628671396670543,95109.39486747119,5,S5_twin_shock_imf_bailout,united_states,USDC
835,0.8401865575578227,92731.6599957844,5,S5_twin_shock_imf_bailout,united_states,USDC
836,0.8421892887044391,90413.3684958898,5,S5_twin_shock_imf_bailout,united_states,USDC
837,0.8327707484963845,88153.03428349254,5,S5_twin_shock_imf_bailout,united_states,USDC
838,0.8677875835840949,85949.20842640524,5,S5_twin_shock_imf_bailout,united_states,USDC
839,0.8709950202672728,83800.4782157451,5,S5_twin_shock_imf_bailout,united_states,USDC
840,0.8702575339551752,81705.46626035147,5,S5_twin_shock_imf_bailout,united_states,USDC
841,0.8627359958651697,79662.82960384269,5,S5_twin_shock_imf_bailout,united_states,USDC
842,0.7255369209061961,77671.25886374663,5,S5_twin_shock_imf_bailout,united_states,USDC
843,0.7356412336366045,75729.47739215296,5,S5_twin_shock_imf_bailout,united_states,USDC
844,0.7428111750204714,73836.24045734914,5,S5_twin_shock_imf_bailout,united_states,USDC
845,0.7464468110068603,71990.3344459154,5,S5_twin_shock_imf_bailout,united_states,USDC
846,0.7645396079390037,70190.57608476753,5,S5_twin_shock_imf_bailout,united_states,USDC
847,0.7707461526535061,68435.81168264833,5,S5_twin_shock_imf_bailout,united_states,USDC
848,0.7643471895930529,66724.91639058213,5,S5_twin_shock_imf_bailout,united_states,USDC
849,0.773641456581762,65056.79348081758,5,S5_twin_shock_imf_bailout,united_states,USDC
850,0.7789497170124445,63430.37364379714,5,S5_twin_shock_imf_bailout,united_states,USDC
851,0.7868001341823276,61844.61430270221,5,S5_twin_shock_imf_bailout,united_states,USDC
852,0.7908788194192571,60298.49894513466,5,S5_twin_shock_imf_bailout,united_states,USDC
853,0.8102821377904454,58791.03647150629,5,S5_twin_shock_imf_bailout,united_states,USDC
854,0.8174663513824606,57321.260559718634,5,S5_twin_shock_imf_bailout,united_states,USDC
855,0.8358146424382177,55888.22904572567,5,S5_twin_shock_imf_bailout,united_states,USDC
856,0.8498148560486907,54491.02331958253,5,S5_twin_shock_imf_bailout,united_states,USDC
857,0.8622535550349284,53128.747736592966,5,S5_twin_shock_imf_bailout,united_states,USDC
858,0.8628123548310005,51800.52904317815,5,S5_twin_shock_imf_bailout,united_states,USDC
859,0.8450846561359423,50505.51581709868,5,S5_twin_shock_imf_bailout,united_states,USDC
860,0.830302479125696,49242.87792167123,5,S5_twin_shock_imf_bailout,united_states,USDC
861,0.7972245231887878,48011.805973629445,5,S5_twin_shock_imf_bailout,united_states,USDC
862,0.7989260190193527,46811.51082428871,5,S5_twin_shock_imf_bailout,united_states,USDC
863,0.7917961600405121,45641.22305368149,5,S5_twin_shock_imf_bailout,united_states,USDC
864,0.8069045169391182,44500.19247733946,5,S5_twin_shock_imf_bailout,united_states,USDC
865,0.7879457959942618,43387.68766540597,5,S5_twin_shock_imf_bailout,united_states,USDC
866,0.7629134189848259,42302.99547377082,5,S5_twin_shock_imf_bailout,united_states,USDC
867,0.7662245800312754,41245.42058692654,5,S5_twin_shock_imf_bailout,united_states,USDC
868,0.7704781947835638,40214.285072253384,5,S5_twin_shock_imf_bailout,united_states,USDC
869,0.7615223254809081,39208.92794544705,5,S5_twin_shock_imf_bailout,united_states,USDC
870,0.7690716484050133,38228.70474681087,5,S5_twin_shock_imf_bailout,united_states,USDC
871,0.777644143948153,37272.98712814061,5,S5_twin_shock_imf_bailout,united_states,USDC
872,0.7831555763716271,36341.16244993709,5,S5_twin_shock_imf_bailout,united_states,USDC
873,0.7872348569058352,35432.63338868866,5,S5_twin_shock_imf_bailout,united_states,USDC
874,0.7846835972383012,34546.81755397144,5,S5_twin_shock_imf_bailout,united_states,USDC
875,0.7765573189314643,33683.147115122156,5,S5_twin_shock_imf_bailout,united_states,USDC
876,0.7973010807970436,32841.0684372441,5,S5_twin_shock_imf_bailout,united_states,USDC
877,0.7677560543894476,32020.041726313,5,S5_twin_shock_imf_bailout,united_states,USDC
878,0.7647670806161957,31219.540683155174,5,S5_twin_shock_imf_bailout,united_states,USDC
879,0.7420996356437172,30439.052166076297,5,S5_twin_shock_imf_bailout,united_states,USDC
880,0.7373328133809731,29678.07586192439,5,S5_twin_shock_imf_bailout,united_states,USDC
881,0.7397530300370369,28936.12396537628,5,S5_twin_shock_imf_bailout,united_states,USDC
882,0.7612972109152158,28212.72086624187,5,S5_twin_shock_imf_bailout,united_states,USDC
883,0.7760779984479819,27507.40284458582,5,S5_twin_shock_imf_bailout,united_states,USDC
884,0.7603929608314205,26819.717773471177,5,S5_twin_shock_imf_bailout,united_states,USDC
885,0.7819065856622388,26149.224829134397,5,S5_twin_shock_imf_bailout,united_states,USDC
886,0.7771703551886959,25495.49420840604,5,S5_twin_shock_imf_bailout,united_states,USDC
887,0.7888994020786748,24858.106853195888,5,S5_twin_shock_imf_bailout,united_states,USDC
888,0.772438476430583,24236.65418186599,5,S5_twin_shock_imf_bailout,united_states,USDC
889,0.7859177943700245,23630.73782731934,5,S5_twin_shock_imf_bailout,united_states,USDC
890,0.7860781128039367,23039.969381636358,5,S5_twin_shock_imf_bailout,united_states,USDC
891,0.7950648182339323,22463.970147095446,5,S5_twin_shock_imf_bailout,united_states,USDC
892,0.804678039582079,21902.37089341806,5,S5_twin_shock_imf_bailout,united_states,USDC
893,0.7879574794686113,21354.81162108261,5,S5_twin_shock_imf_bailout,united_states,USDC
894,0.7799323375028829,20820.941330555543,5,S5_twin_shock_imf_bailout,united_states,USDC
895,0.7986468661875289,20300.41779729165,5,S5_twin_shock_imf_bailout,united_states,USDC
896,0.7758031343968979,19792.90735235936,5,S5_twin_shock_imf_bailout,united_states,USDC
897,0.7760399353383234,19298.08466855038,5,S5_twin_shock_imf_bailout,united_states,USDC
898,0.7912226138389133,18815.63255183662,5,S5_twin_shock_imf_bailout,united_states,USDC
899,0.7911357716191061,18345.241738040706,5,S5_twin_shock_imf_bailout,united_states,USDC
900,0.7685861142859817,17886.610694589686,5,S5_twin_shock_imf_bailout,united_states,USDC
901,0.7836101147087277,17439.445427224946,5,S5_twin_shock_imf_bailout,united_states,USDC
902,0.7959119731628536,17003.45929154432,5,S5_twin_shock_imf_bailout,united_states,USDC
903,0.7915989380904774,16578.372809255714,5,S5_twin_shock_imf_bailout,united_states,USDC
904,0.7752294902625674,16163.913489024319,5,S5_twin_shock_imf_bailout,united_states,USDC
905,0.7790200138454769,15759.815651798712,5,S5_twin_shock_imf_bailout,united_states,USDC
906,0.8002426763566417,15365.820260503744,5,S5_twin_shock_imf_bailout,united_states,USDC
907,0.8049766866854553,14981.67475399115,5,S5_twin_shock_imf_bailout,united_states,USDC
908,0.8073951056334017,14607.132885141373,5,S5_twin_shock_imf_bailout,united_states,USDC
909,0.811428709870245,14241.954563012838,5,S5_twin_shock_imf_bailout,united_states,USDC
910,0.8362564080475048,13885.905698937517,5,S5_twin_shock_imf_bailout,united_states,USDC
911,0.8088539812266894,13538.758056464078,5,S5_twin_shock_imf_bailout,united_states,USDC
912,0.7965565154551939,13200.289105052474,5,S5_twin_shock_imf_bailout,united_states,USDC
913,0.8249482886746821,12870.281877426165,5,S5_twin_shock_imf_bailout,united_states,USDC
914,0.8304381409050203,12548.524830490507,5,S5_twin_shock_imf_bailout,united_states,USDC
915,0.79835330832151,12234.811709728247,5,S5_twin_shock_imf_bailout,united_states,USDC
916,0.8208422107362224,11928.941416985039,5,S5_twin_shock_imf_bailout,united_states,USDC
917,0.8419225090801123,11630.717881560415,5,S5_twin_shock_imf_bailout,united_states,USDC
918,0.822755181036157,11339.949934521404,5,S5_twin_shock_imf_bailout,united_states,USDC
919,0.8291579021808582,11056.451186158369,5,S5_twin_shock_imf_bailout,united_states,USDC
920,0.8200065188393709,10780.03990650441,5,S5_twin_shock_imf_bailout,united_states,USDC
921,0.8369132763481356,10510.538908841798,5,S5_twin_shock_imf_bailout,united_states,USDC
922,0.8304435492536522,10247.775436120754,5,S5_twin_shock_imf_bailout,united_states,USDC
923,0.8011433207902671,9991.581050217736,5,S5_twin_shock_imf_bailout,united_states,USDC
924,0.8347823751254303,9741.79152396229,5,S5_twin_shock_imf_bailout,united_states,USDC
925,0.8237680347978106,9498.246735863235,5,S5_twin_shock_imf_bailout,united_states,USDC
926,0.814002570565195,9260.790567466654,5,S5_twin_shock_imf_bailout,united_states,USDC
927,0.7792131603466265,9029.270803279987,5,S5_twin_shock_imf_bailout,united_states,USDC
928,0.7818054094283838,8803.539033197987,5,S5_twin_shock_imf_bailout,united_states,USDC
929,0.7735203215635468,8583.450557368038,5,S5_twin_shock_imf_bailout,united_states,USDC
930,0.7794102594837198,8368.864293433837,5,S5_twin_shock_imf_bailout,united_states,USDC
931,0.768782439270839,8159.64268609799,5,S5_twin_shock_imf_bailout,united_states,USDC
932,0.7602003833776241,7955.6516189455415,5,S5_twin_shock_imf_bailout,united_states,USDC
933,0.7644685870964506,7756.7603284719025,5,S5_twin_shock_imf_bailout,united_states,USDC
934,0.7625266234317456,7562.841320260105,5,S5_twin_shock_imf_bailout,united_states,USDC
935,0.7523862921064266,7373.770287253603,5,S5_twin_shock_imf_bailout,united_states,USDC
936,0.745082255875385,7189.4260300722635,5,S5_twin_shock_imf_bailout,united_states,USDC
937,0.7647014099589384,7009.690379320456,5,S5_twin_shock_imf_bailout,united_states,USDC
938,0.766296516796955,6834.448119837444,5,S5_twin_shock_imf_bailout,united_states,USDC
939,0.7966710780385634,6663.586916841508,5,S5_twin_shock_imf_bailout,united_states,USDC
940,0.7860277056354219,6496.99724392047,5,S5_twin_shock_imf_bailout,united_states,USDC
941,0.7661207587208417,6334.572312822458,5,S5_twin_shock_imf_bailout,united_states,USDC
942,0.7590812108107047,6176.208005001898,5,S5_twin_shock_imf_bailout,united_states,USDC
943,0.7357091286817997,6021.80280487685,5,S5_twin_shock_imf_bailout,united_states,USDC
944,0.7683182123997191,5871.257734754929,5,S5_twin_shock_imf_bailout,united_states,USDC
945,0.7486991086405441,5724.476291386055,5,S5_twin_shock_imf_bailout,united_states,USDC
946,0.7424235798326567,5581.364384101404,5,S5_twin_shock_imf_bailout,united_states,USDC
947,0.7650557865546879,5441.830274498869,5,S5_twin_shock_imf_bailout,united_states,USDC
948,0.753483646060373,5305.784517636396,5,S5_twin_shock_imf_bailout,united_states,USDC
949,0.746913617329411,5173.139904695487,5,S5_twin_shock_imf_bailout,united_states,USDC
950,0.7417188745348829,5043.811407078099,5,S5_twin_shock_imf_bailout,united_states,USDC
951,0.753013532139462,4917.716121901147,5,S5_twin_shock_imf_bailout,united_states,USDC
952,0.7347050990523138,4794.773218853617,5,S5_twin_shock_imf_bailout,united_states,USDC
953,0.7440012677451232,4674.903888382278,5,S5_twin_shock_imf_bailout,united_states,USDC
954,0.7537895571428573,4558.031291172721,5,S5_twin_shock_imf_bailout,united_states,USDC
955,0.7351192207430892,4444.080508893402,5,S5_twin_shock_imf_bailout,united_states,USDC
956,0.7307603316385815,4332.9784961710675,5,S5_twin_shock_imf_bailout,united_states,USDC
957,0.7459276394823238,4224.65403376679,5,S5_twin_shock_imf_bailout,united_states,USDC
958,0.7288050062528009,4119.037682922621,5,S5_twin_shock_imf_bailout,united_states,USDC
959,0.7371179564592213,4016.0617408495555,5,S5_twin_shock_imf_bailout,united_states,USDC
960,0.7482099638215151,3915.6601973283164,5,S5_twin_shock_imf_bailout,united_states,USDC
961,0.7588467653340588,3817.7686923951087,5,S5_twin_shock_imf_bailout,united_states,USDC
962,0.7666116790002238,3722.324475085231,5,S5_twin_shock_imf_bailout,united_states,USDC
963,0.782796142214685,3629.2663632081003,5,S5_twin_shock_imf_bailout,united_states,USDC
964,0.7681331149227263,3538.5347041278974,5,S5_twin_shock_imf_bailout,united_states,USDC
965,0.7539645857196415,3450.0713365247007,5,S5_twin_shock_imf_bailout,united_states,USDC
966,0.7459064216420044,3363.819553111583,5,S5_twin_shock_imf_bailout,united_states,USDC
967,0.744826382700335,3279.7240642837937,5,S5_twin_shock_imf_bailout,united_states,USDC
968,0.7695041978748204,3197.7309626766987,5,S5_twin_shock_imf_bailout,united_states,USDC
969,0.7799204202325115,3117.7876886097815,5,S5_twin_shock_imf_bailout,united_states,USDC
970,0.7828420746106597,3039.842996394537,5,S5_twin_shock_imf_bailout,united_states,USDC
971,0.8088630925652193,2963.846921484673,5,S5_twin_shock_imf_bailout,united_states,USDC
972,0.8180219435817856,2889.7507484475564,5,S5_twin_shock_imf_bailout,united_states,USDC
973,0.8259479217345117,2817.5069797363676,5,S5_twin_shock_imf_bailout,united_states,USDC
974,0.8393183707735582,2747.0693052429588,5,S5_twin_shock_imf_bailout,united_states,USDC
975,0.8337510912640609,2678.3925726118846,5,S5_twin_shock_imf_bailout,united_states,USDC
976,0.8465623837354771,2611.4327582965875,5,S5_twin_shock_imf_bailout,united_states,USDC
977,0.8373988624811457,2546.1469393391726,5,S5_twin_shock_imf_bailout,united_states,USDC
978,0.8542138916401955,2482.4932658556936,5,S5_twin_shock_imf_bailout,united_states,USDC
979,0.8690986856040003,2420.430934209301,5,S5_twin_shock_imf_bailout,united_states,USDC
980,0.8674083976399153,2359.9201608540684,5,S5_twin_shock_imf_bailout,united_states,USDC
981,0.8622598636811112,2300.9221568327166,5,S5_twin_shock_imf_bailout,united_states,USDC
982,0.8657763592531045,2243.399102911899,5,S5_twin_shock_imf_bailout,united_states,USDC
983,0.8511180308778026,2187.3141253391013,5,S5_twin_shock_imf_bailout,united_states,USDC
984,0.8468838276217892,2132.631272205624,5,S5_twin_shock_imf_bailout,united_states,USDC
985,0.8479204117704967,2079.315490400483,5,S5_twin_shock_imf_bailout,united_states,USDC
986,0.8235009216597984,2027.3326031404713,5,S5_twin_shock_imf_bailout,united_states,USDC
987,0.8343526592620867,1976.6492880619594,5,S5_twin_shock_imf_bailout,united_states,USDC
988,0.8145767718414785,1927.2330558604103,5,S5_twin_shock_imf_bailout,united_states,USDC
989,0.817240498620137,1879.0522294639004,5,S5_twin_shock_imf_bailout,united_states,USDC
990,0.7907976865686672,1832.0759237273026,5,S5_twin_shock_imf_bailout,united_states,USDC
991,0.8041724340326377,1786.2740256341203,5,S5_twin_shock_imf_bailout,united_states,USDC
992,0.8074829383496497,1741.6171749932673,5,S5_twin_shock_imf_bailout,united_states,USDC
993,0.8043212790608087,1698.0767456184358,5,S5_twin_shock_imf_bailout,united_states,USDC
994,0.7869162843278561,1655.6248269779749,5,S5_twin_shock_imf_bailout,united_states,USDC
995,0.8058144284771028,1614.2342063035255,5,S5_twin_shock_imf_bailout,united_states,USDC
996,0.8095238230655964,1573.8783511459374,5,S5_twin_shock_imf_bailout,united_states,USDC
997,0.8088949264011002,1534.5313923672888,5,S5_twin_shock_imf_bailout,united_states,USDC
998,0.836049047572567,1496.1681075581066,5,S5_twin_shock_imf_bailout,united_states,USDC
999,0.8192365798584061,1458.763904869154,5,S5_twin_shock_imf_bailout,united_states,USDC
1000,0.8385671809603665,1422.294807247425,5,S5_twin_shock_imf_bailout,united_states,USDC
