Step,price,liquidity,iteration,scenario,region,coin
1,1.0458694673431845,6300000000000.0,586,S6_worst_case_no_intervention,eurozone,USDC
2,1.0376129102276948,6300000000000.0,586,S6_worst_case_no_intervention,eurozone,USDC
3,1.0510134279432781,6300000000000.0,586,S6_worst_case_no_intervention,eurozone,USDC
4,1.0627017460770398,6300000000000.0,586,S6_worst_case_no_intervention,eurozone,USDC
5,1.031727167698564,6300000000000.0,586,S6_worst_case_no_intervention,eurozone,USDC
6,1.050712954914166,6300000000000.0,586,S6_worst_case_no_intervention,eurozone,USDC
7,1.0441908492373353,6300000000000.0,586,S6_worst_case_no_intervention,eurozone,USDC
8,1.0703504673829694,6300000000000.0,586,S6_worst_case_no_intervention,eurozone,USDC
9,1.0181627652692138,6300000000000.0,586,S6_worst_case_no_intervention,eurozone,USDC
10,0.9865886416411923,6300000000000.0,586,S6_worst_case_no_intervention,eurozone,USDC
11,0.9917661729750629,6300000000000.0,586,S6_worst_case_no_intervention,eurozone,USDC
12,1.0075504748178614,6300000000000.0,586,S6_worst_case_no_intervention,eurozone,USDC
13,1.0142951402023266,6300000000000.0,586,S6_worst_case_no_intervention,eurozone,USDC
14,1.0065292689235357,6300000000000.0,586,S6_worst_case_no_intervention,eurozone,USDC
15,1.0075684718881797,6300000000000.0,586,S6_worst_case_no_intervention,eurozone,USDC
16,0.9721573905899998,6300000000000.0,586,S6_worst_case_no_intervention,eurozone,USDC
17,0.9613817694092115,6300000000000.0,586,S6_worst_case_no_intervention,eurozone,USDC
18,0.9537110265915889,6298956691550.692,586,S6_worst_case_no_intervention,eurozone,USDC
19,0.9288515490817526,6296858324307.525,586,S6_worst_case_no_intervention,eurozone,USDC
20,0.9349530313303883,6291694110747.517,586,S6_worst_case_no_intervention,eurozone,USDC
21,0.9091414533144323,6287527970781.4,586,S6_worst_case_no_intervention,eurozone,USDC
22,0.9011792514796738,6280405138503.135,586,S6_worst_case_no_intervention,eurozone,USDC
23,0.904584203670113,6272855776360.666,586,S6_worst_case_no_intervention,eurozone,USDC
24,0.8990641347319183,6266249258488.807,586,S6_worst_case_no_intervention,eurozone,USDC
25,0.8886432442784866,6259503092539.072,586,S6_worst_case_no_intervention,eurozone,USDC
26,0.877154133491668,6252331696443.057,586,S6_worst_case_no_intervention,eurozone,USDC
27,0.8746344623844798,6245048110052.021,586,S6_worst_case_no_intervention,eurozone,USDC
28,0.889767763176198,6238063016019.364,586,S6_worst_case_no_intervention,eurozone,USDC
29,0.9052360822449875,6232882327058.138,586,S6_worst_case_no_intervention,eurozone,USDC
30,0.903264862962564,6229098702116.195,586,S6_worst_case_no_intervention,eurozone,USDC
31,0.9122415550870655,6225406646423.571,586,S6_worst_case_no_intervention,eurozone,USDC
32,0.9465135416125892,6222345648531.186,586,S6_worst_case_no_intervention,eurozone,USDC
33,0.946765924376455,6221253553860.673,586,S6_worst_case_no_intervention,eurozone,USDC
34,0.9440685486841666,6220174089309.473,586,S6_worst_case_no_intervention,eurozone,USDC
35,0.96292198769697,6218967290891.472,586,S6_worst_case_no_intervention,eurozone,USDC
36,0.975076102521613,6218657503615.387,586,S6_worst_case_no_intervention,eurozone,USDC
37,0.9631620249518057,6218657503615.387,586,S6_worst_case_no_intervention,eurozone,USDC
38,0.9234504694874834,6218342692382.978,586,S6_worst_case_no_intervention,eurozone,USDC
39,0.9192294816588109,6216253474440.699,586,S6_worst_case_no_intervention,eurozone,USDC
40,0.9530030186926789,6214041896297.327,586,S6_worst_case_no_intervention,eurozone,USDC
41,0.964046344703383,6213409608294.378,586,S6_worst_case_no_intervention,eurozone,USDC
42,0.9546574302538122,6213203248755.186,586,S6_worst_case_no_intervention,eurozone,USDC
43,0.9794808883939546,6212651422247.027,586,S6_worst_case_no_intervention,eurozone,USDC
44,0.9821260320845913,6212651422247.027,586,S6_worst_case_no_intervention,eurozone,USDC
45,0.9950663525001927,6212651422247.027,586,S6_worst_case_no_intervention,eurozone,USDC
46,1.0015342201499033,6212651422247.027,586,S6_worst_case_no_intervention,eurozone,USDC
47,0.9931194119436875,6212651422247.027,586,S6_worst_case_no_intervention,eurozone,USDC
48,1.0099546345538502,6212651422247.027,586,S6_worst_case_no_intervention,eurozone,USDC
49,0.9975337086428983,6212651422247.027,586,S6_worst_case_no_intervention,eurozone,USDC
50,1.0162187896039152,6212651422247.027,586,S6_worst_case_no_intervention,eurozone,USDC
51,1.048282559865123,6212651422247.027,586,S6_worst_case_no_intervention,eurozone,USDC
52,1.072965267287207,6212651422247.027,586,S6_worst_case_no_intervention,eurozone,USDC
53,1.0629189092537272,6212651422247.027,586,S6_worst_case_no_intervention,eurozone,USDC
54,1.07977337009337,6212651422247.027,586,S6_worst_case_no_intervention,eurozone,USDC
55,1.0805588958995709,6212651422247.027,586,S6_worst_case_no_intervention,eurozone,USDC
56,1.0747134674949403,6212651422247.027,586,S6_worst_case_no_intervention,eurozone,USDC
57,1.0780552447443548,6212651422247.027,586,S6_worst_case_no_intervention,eurozone,USDC
58,1.0641146688860579,6212651422247.027,586,S6_worst_case_no_intervention,eurozone,USDC
59,1.0565657583407424,6212651422247.027,586,S6_worst_case_no_intervention,eurozone,USDC
60,1.068527594746247,6212651422247.027,586,S6_worst_case_no_intervention,eurozone,USDC
61,1.0591842295239686,6212651422247.027,586,S6_worst_case_no_intervention,eurozone,USDC
62,1.0843793414650027,6212651422247.027,586,S6_worst_case_no_intervention,eurozone,USDC
63,1.0696551265228185,6212651422247.027,586,S6_worst_case_no_intervention,eurozone,USDC
64,1.0515666413275766,6212651422247.027,586,S6_worst_case_no_intervention,eurozone,USDC
65,1.0199482083124636,6212651422247.027,586,S6_worst_case_no_intervention,eurozone,USDC
66,0.9849327060811711,6212651422247.027,586,S6_worst_case_no_intervention,eurozone,USDC
67,1.0077295909865367,6212651422247.027,586,S6_worst_case_no_intervention,eurozone,USDC
68,1.0024492564476566,6212651422247.027,586,S6_worst_case_no_intervention,eurozone,USDC
69,1.0003911294697305,6212651422247.027,586,S6_worst_case_no_intervention,eurozone,USDC
70,1.0038539601729852,6212651422247.027,586,S6_worst_case_no_intervention,eurozone,USDC
71,0.9905363541683752,6212651422247.027,586,S6_worst_case_no_intervention,eurozone,USDC
72,0.9672500004972374,6212651422247.027,586,S6_worst_case_no_intervention,eurozone,USDC
73,0.9748167134873955,6212563643663.195,586,S6_worst_case_no_intervention,eurozone,USDC
74,0.991482156594212,6212563643663.195,586,S6_worst_case_no_intervention,eurozone,USDC
75,1.0292550307158512,6212563643663.195,586,S6_worst_case_no_intervention,eurozone,USDC
76,1.0404700190802625,6212563643663.195,586,S6_worst_case_no_intervention,eurozone,USDC
77,1.0176348331062537,6212563643663.195,586,S6_worst_case_no_intervention,eurozone,USDC
78,1.0074906208773946,6212563643663.195,586,S6_worst_case_no_intervention,eurozone,USDC
79,1.0088141910264827,6212563643663.195,586,S6_worst_case_no_intervention,eurozone,USDC
80,1.0009055225726304,6212563643663.195,586,S6_worst_case_no_intervention,eurozone,USDC
81,1.0115936950643312,6212563643663.195,586,S6_worst_case_no_intervention,eurozone,USDC
82,1.0118717870261,6212563643663.195,586,S6_worst_case_no_intervention,eurozone,USDC
83,1.001201719665858,6212563643663.195,586,S6_worst_case_no_intervention,eurozone,USDC
84,1.0112853920809282,6212563643663.195,586,S6_worst_case_no_intervention,eurozone,USDC
85,1.0319496986998005,6212563643663.195,586,S6_worst_case_no_intervention,eurozone,USDC
86,1.028465104617171,6212563643663.195,586,S6_worst_case_no_intervention,eurozone,USDC
87,1.0204671265633336,6212563643663.195,586,S6_worst_case_no_intervention,eurozone,USDC
88,1.0086017489461307,6212563643663.195,586,S6_worst_case_no_intervention,eurozone,USDC
89,0.982597007453604,6212563643663.195,586,S6_worst_case_no_intervention,eurozone,USDC
90,0.991472249900097,6212563643663.195,586,S6_worst_case_no_intervention,eurozone,USDC
91,1.0194350811116952,6212563643663.195,586,S6_worst_case_no_intervention,eurozone,USDC
92,1.0038466883537764,6212563643663.195,586,S6_worst_case_no_intervention,eurozone,USDC
93,1.0246927694920163,6212563643663.195,586,S6_worst_case_no_intervention,eurozone,USDC
94,0.9975858208232744,6212563643663.195,586,S6_worst_case_no_intervention,eurozone,USDC
95,0.9714178788357448,6212563643663.195,586,S6_worst_case_no_intervention,eurozone,USDC
96,0.9552594297700127,6212563643663.195,586,S6_worst_case_no_intervention,eurozone,USDC
97,0.9457890493087967,6212036777543.403,586,S6_worst_case_no_intervention,eurozone,USDC
98,0.938536937192896,6211193678520.762,586,S6_worst_case_no_intervention,eurozone,USDC
99,0.9429958512003921,6210105095867.793,586,S6_worst_case_no_intervention,eurozone,USDC
100,0.9406456451976943,6209170530978.575,586,S6_worst_case_no_intervention,eurozone,USDC
101,0.7946561787368353,6208178140875.661,586,S6_worst_case_no_intervention,eurozone,USDC
102,0.7978966609282285,6202119490337.658,586,S6_worst_case_no_intervention,eurozone,USDC
103,0.8107398996064337,6197228050524.236,586,S6_worst_case_no_intervention,eurozone,USDC
104,0.8350468168258776,6193565684965.072,586,S6_worst_case_no_intervention,eurozone,USDC
105,0.8587687268131343,6190898393091.919,586,S6_worst_case_no_intervention,eurozone,USDC
106,0.8801064680079888,6188960630433.747,586,S6_worst_case_no_intervention,eurozone,USDC
107,0.9006176950117761,6187605283974.6875,586,S6_worst_case_no_intervention,eurozone,USDC
108,0.8922386605446525,6186701820327.148,586,S6_worst_case_no_intervention,eurozone,USDC
109,0.927401072808829,6185706912680.184,586,S6_worst_case_no_intervention,eurozone,USDC
110,0.9660513507718989,6185236596746.336,586,S6_worst_case_no_intervention,eurozone,USDC
111,0.9982899098007437,6185210518380.361,586,S6_worst_case_no_intervention,eurozone,USDC
112,0.9729119159497063,6185210518380.361,586,S6_worst_case_no_intervention,eurozone,USDC
113,0.9454334726044888,6185210518380.361,586,S6_worst_case_no_intervention,eurozone,USDC
114,0.9153665588943845,6184947492383.793,586,S6_worst_case_no_intervention,eurozone,USDC
115,0.9188587152118481,6184330895290.593,586,S6_worst_case_no_intervention,eurozone,USDC
116,0.9386965598873638,6183829429154.172,586,S6_worst_case_no_intervention,eurozone,USDC
117,0.947140364214935,6183533006934.038,586,S6_worst_case_no_intervention,eurozone,USDC
118,0.9710759856786527,6183308346040.792,586,S6_worst_case_no_intervention,eurozone,USDC
119,0.9544103254292363,6183308346040.792,586,S6_worst_case_no_intervention,eurozone,USDC
120,0.9318100956456692,6183158743890.723,586,S6_worst_case_no_intervention,eurozone,USDC
121,0.9393854735471102,6028228200794.111,586,S6_worst_case_no_intervention,eurozone,USDC
122,0.9162640774729889,5877269633846.769,586,S6_worst_case_no_intervention,eurozone,USDC
123,0.9053108839867504,5729876687057.973,586,S6_worst_case_no_intervention,eurozone,USDC
124,0.8976469930481825,5586130745003.229,586,S6_worst_case_no_intervention,eurozone,USDC
125,0.8718240635161989,5445928107601.208,586,S6_worst_case_no_intervention,eurozone,USDC
126,0.8799647989681739,5309135099862.354,586,S6_worst_case_no_intervention,eurozone,USDC
127,0.8722489312767051,5175859280828.021,586,S6_worst_case_no_intervention,eurozone,USDC
128,0.8744598025434456,5045933126580.895,586,S6_worst_case_no_intervention,eurozone,USDC
129,0.8525775866061835,4919294078799.462,586,S6_worst_case_no_intervention,eurozone,USDC
130,0.8594389762571897,4795754502902.0625,586,S6_worst_case_no_intervention,eurozone,USDC
131,0.8346104609643689,4675419014620.985,586,S6_worst_case_no_intervention,eurozone,USDC
132,0.8594105568705529,4558040663602.186,586,S6_worst_case_no_intervention,eurozone,USDC
133,0.8418398964625273,4443749937610.055,586,S6_worst_case_no_intervention,eurozone,USDC
134,0.8295027426966316,4332312582293.3115,586,S6_worst_case_no_intervention,eurozone,USDC
135,0.8435122992746327,4223653081480.1523,586,S6_worst_case_no_intervention,eurozone,USDC
136,0.8476717012209216,4117796559174.483,586,S6_worst_case_no_intervention,eurozone,USDC
137,0.8534565481816054,4014637455905.145,586,S6_worst_case_no_intervention,eurozone,USDC
138,0.8450290765317721,3914079644716.544,586,S6_worst_case_no_intervention,eurozone,USDC
139,0.8597020381507294,3816057848687.0312,586,S6_worst_case_no_intervention,eurozone,USDC
140,0.8771825044994088,3720515936451.4824,586,S6_worst_case_no_intervention,eurozone,USDC
141,0.8530209864971715,3627405205804.577,586,S6_worst_case_no_intervention,eurozone,USDC
142,0.8471842559036611,3536602368821.1484,586,S6_worst_case_no_intervention,eurozone,USDC
143,0.8616445652838401,3448078285445.2393,586,S6_worst_case_no_intervention,eurozone,USDC
144,0.86067964051475,3361793931785.995,586,S6_worst_case_no_intervention,eurozone,USDC
145,0.8452777792945366,3277674837597.9956,586,S6_worst_case_no_intervention,eurozone,USDC
146,0.812161549395574,3195658959425.168,586,S6_worst_case_no_intervention,eurozone,USDC
147,0.8030992166985543,3115684901750.143,586,S6_worst_case_no_intervention,eurozone,USDC
148,0.80591069006777,3037714138625.5913,586,S6_worst_case_no_intervention,eurozone,USDC
149,0.7943599855052063,2961711058265.468,586,S6_worst_case_no_intervention,eurozone,USDC
150,0.7879375711601183,2887614041193.7974,586,S6_worst_case_no_intervention,eurozone,USDC
151,0.7641103149183482,2815375117026.557,586,S6_worst_case_no_intervention,eurozone,USDC
152,0.688982721459204,2744945897901.5664,586,S6_worst_case_no_intervention,eurozone,USDC
153,0.6976297659033378,2676272848271.0435,586,S6_worst_case_no_intervention,eurozone,USDC
154,0.7047537768447464,2609333904662.926,586,S6_worst_case_no_intervention,eurozone,USDC
155,0.6968496598230611,2544077574719.74,586,S6_worst_case_no_intervention,eurozone,USDC
156,0.717862641453248,2480457045125.4946,586,S6_worst_case_no_intervention,eurozone,USDC
157,0.7187240841925112,2418433291143.239,586,S6_worst_case_no_intervention,eurozone,USDC
158,0.7217106937188855,2357963875515.466,586,S6_worst_case_no_intervention,eurozone,USDC
159,0.7660316669467834,2299008371882.56,586,S6_worst_case_no_intervention,eurozone,USDC
160,0.7608965129431817,2241528934205.243,586,S6_worst_case_no_intervention,eurozone,USDC
161,0.7633554821150721,2185487287529.6685,586,S6_worst_case_no_intervention,eurozone,USDC
162,0.77947301793185,2130847552437.8975,586,S6_worst_case_no_intervention,eurozone,USDC
163,0.7694697621129043,2077574530860.5713,586,S6_worst_case_no_intervention,eurozone,USDC
164,0.7949158561208173,2025633594905.7283,586,S6_worst_case_no_intervention,eurozone,USDC
165,0.784404084428379,1974991604662.0215,586,S6_worst_case_no_intervention,eurozone,USDC
166,0.8153698830092841,1925615830933.2239,586,S6_worst_case_no_intervention,eurozone,USDC
167,0.8249333042375545,1877474780923.436,586,S6_worst_case_no_intervention,eurozone,USDC
168,0.8056507335392021,1830537356500.599,586,S6_worst_case_no_intervention,eurozone,USDC
169,0.8004644034229135,1784773419559.4185,586,S6_worst_case_no_intervention,eurozone,USDC
170,0.8267089321793933,1740153638535.5986,586,S6_worst_case_no_intervention,eurozone,USDC
171,0.8327817177876566,1696649471560.2012,586,S6_worst_case_no_intervention,eurozone,USDC
172,0.8361529712362443,1654232968694.1865,586,S6_worst_case_no_intervention,eurozone,USDC
173,0.8473661557618515,1612876921652.0166,586,S6_worst_case_no_intervention,eurozone,USDC
174,0.8402663503928736,1572554829956.983,586,S6_worst_case_no_intervention,eurozone,USDC
175,0.8257900726769919,1533240802274.9915,586,S6_worst_case_no_intervention,eurozone,USDC
176,0.8184823988833094,1494909626829.4604,586,S6_worst_case_no_intervention,eurozone,USDC
177,0.7883999567815476,1457536752376.757,586,S6_worst_case_no_intervention,eurozone,USDC
178,0.7948768179604248,1421098196531.48,586,S6_worst_case_no_intervention,eurozone,USDC
179,0.7657811926010961,1385570628289.3088,586,S6_worst_case_no_intervention,eurozone,USDC
180,0.7545847462624327,1350931251655.0361,586,S6_worst_case_no_intervention,eurozone,USDC
181,0.7288669782448105,1317157883251.3162,586,S6_worst_case_no_intervention,eurozone,USDC
182,0.7210977308684787,1284228859018.6665,586,S6_worst_case_no_intervention,eurozone,USDC
183,0.733266044846215,1252123074154.768,586,S6_worst_case_no_intervention,eurozone,USDC
184,0.744795395228284,1220819952208.6243,586,S6_worst_case_no_intervention,eurozone,USDC
185,0.7478262655569702,1190299422038.1611,586,S6_worst_case_no_intervention,eurozone,USDC
186,0.7387297747633705,1160541911839.7769,586,S6_worst_case_no_intervention,eurozone,USDC
187,0.7386250038511915,1131528343640.1074,586,S6_worst_case_no_intervention,eurozone,USDC
188,0.7100921552074215,1103240119413.1028,586,S6_worst_case_no_intervention,eurozone,USDC
189,0.7003003402697643,1075659103231.625,586,S6_worst_case_no_intervention,eurozone,USDC
190,0.7306782381993546,1048767615095.8151,586,S6_worst_case_no_intervention,eurozone,USDC
191,0.7306625193529661,1022548418080.6559,586,S6_worst_case_no_intervention,eurozone,USDC
192,0.7318143998246408,996984702504.022,586,S6_worst_case_no_intervention,eurozone,USDC
193,0.7035529155918956,972060081316.1011,586,S6_worst_case_no_intervention,eurozone,USDC
194,0.7293020191389163,947758575981.6194,586,S6_worst_case_no_intervention,eurozone,USDC
195,0.7457437546413438,924064609540.4653,586,S6_worst_case_no_intervention,eurozone,USDC
196,0.7780081438378252,900962992787.6569,586,S6_worst_case_no_intervention,eurozone,USDC
197,0.768441663124123,878438916946.2715,586,S6_worst_case_no_intervention,eurozone,USDC
198,0.7694543066979781,856477943195.2219,586,S6_worst_case_no_intervention,eurozone,USDC
199,0.7874832064629685,835065993943.7698,586,S6_worst_case_no_intervention,eurozone,USDC
200,0.8152264965976579,814189343598.1948,586,S6_worst_case_no_intervention,eurozone,USDC
201,0.8185458065427407,793834609679.8131,586,S6_worst_case_no_intervention,eurozone,USDC
202,0.8093207626604185,773988744171.2803,586,S6_worst_case_no_intervention,eurozone,USDC
203,0.819930074722268,754639025320.5574,586,S6_worst_case_no_intervention,eurozone,USDC
204,0.8417207684822334,735773049498.0698,586,S6_worst_case_no_intervention,eurozone,USDC
205,0.8464853256036085,717378723119.4839,586,S6_worst_case_no_intervention,eurozone,USDC
206,0.8252986963110067,699444254925.3893,586,S6_worst_case_no_intervention,eurozone,USDC
207,0.8362374576410655,681958148429.5803,586,S6_worst_case_no_intervention,eurozone,USDC
208,0.8348349314754437,664909194617.6959,586,S6_worst_case_no_intervention,eurozone,USDC
209,0.8165026971384042,648286464669.5255,586,S6_worst_case_no_intervention,eurozone,USDC
210,0.8110558179383682,632079302965.8169,586,S6_worst_case_no_intervention,eurozone,USDC
211,0.8536360826731695,616277320317.3508,586,S6_worst_case_no_intervention,eurozone,USDC
212,0.844031953813533,600870387264.7915,586,S6_worst_case_no_intervention,eurozone,USDC
213,0.8127278854045037,585848627539.4529,586,S6_worst_case_no_intervention,eurozone,USDC
214,0.81249732772256,571202411804.2853,586,S6_worst_case_no_intervention,eurozone,USDC
215,0.8000058322186877,556922351468.0524,586,S6_worst_case_no_intervention,eurozone,USDC
216,0.7905737079318477,542999292644.92224,586,S6_worst_case_no_intervention,eurozone,USDC
217,0.7725758228606401,529424310296.2947,586,S6_worst_case_no_intervention,eurozone,USDC
218,0.7935046822033891,516188702511.4168,586,S6_worst_case_no_intervention,eurozone,USDC
219,0.7954807798753474,503283984927.97955,586,S6_worst_case_no_intervention,eurozone,USDC
220,0.8029015687871698,490701885288.6731,586,S6_worst_case_no_intervention,eurozone,USDC
221,0.7899310046129332,478434338143.6515,586,S6_worst_case_no_intervention,eurozone,USDC
222,0.8067280820081054,466473479678.0209,586,S6_worst_case_no_intervention,eurozone,USDC
223,0.8053938244540535,454811642676.9564,586,S6_worst_case_no_intervention,eurozone,USDC
224,0.8260834159911273,443441351602.3908,586,S6_worst_case_no_intervention,eurozone,USDC
225,0.8360504923966245,432355317807.1188,586,S6_worst_case_no_intervention,eurozone,USDC
226,0.8181477410884156,421546434857.6747,586,S6_worst_case_no_intervention,eurozone,USDC
227,0.8251612766476325,411007773982.03735,586,S6_worst_case_no_intervention,eurozone,USDC
228,0.8507663740958439,400732579628.9452,586,S6_worst_case_no_intervention,eurozone,USDC
229,0.8437390590604118,390714265135.89685,586,S6_worst_case_no_intervention,eurozone,USDC
230,0.8798656173178112,380946408505.2698,586,S6_worst_case_no_intervention,eurozone,USDC
231,0.8707796634552186,371422748291.1865,586,S6_worst_case_no_intervention,eurozone,USDC
232,0.8577249150736799,362137179582.4879,586,S6_worst_case_no_intervention,eurozone,USDC
233,0.8427427237589906,353083750091.44995,586,S6_worst_case_no_intervention,eurozone,USDC
234,0.8407486660635537,344256656337.6846,586,S6_worst_case_no_intervention,eurozone,USDC
235,0.8313134511764262,335650239927.9649,586,S6_worst_case_no_intervention,eurozone,USDC
236,0.8318747524991481,327258983928.5725,586,S6_worst_case_no_intervention,eurozone,USDC
237,0.8124128393694001,319077509329.33563,586,S6_worst_case_no_intervention,eurozone,USDC
238,0.7998260000428027,311100571595.1196,586,S6_worst_case_no_intervention,eurozone,USDC
239,0.8007438147877356,303323057304.3274,586,S6_worst_case_no_intervention,eurozone,USDC
240,0.8066797972029612,295739980870.9808,586,S6_worst_case_no_intervention,eurozone,USDC
241,0.8012053308726197,288346481348.5889,586,S6_worst_case_no_intervention,eurozone,USDC
242,0.8098599415200881,281137819314.3749,586,S6_worst_case_no_intervention,eurozone,USDC
243,0.7875766755174628,274109373831.1032,586,S6_worst_case_no_intervention,eurozone,USDC
244,0.7750581737299765,267256639484.9313,586,S6_worst_case_no_intervention,eurozone,USDC
245,0.7825952340698256,260575223497.47144,586,S6_worst_case_no_intervention,eurozone,USDC
246,0.782259110914178,254060842909.77863,586,S6_worst_case_no_intervention,eurozone,USDC
247,0.7732811545756739,247709321836.81598,586,S6_worst_case_no_intervention,eurozone,USDC
248,0.7978079072527618,241516588790.71347,586,S6_worst_case_no_intervention,eurozone,USDC
249,0.8128000442805935,235478674070.81244,586,S6_worst_case_no_intervention,eurozone,USDC
250,0.8245854381702594,229591707218.94806,586,S6_worst_case_no_intervention,eurozone,USDC
251,0.8371695688734061,223851914538.3959,586,S6_worst_case_no_intervention,eurozone,USDC
252,0.8168788395554354,218255616674.87762,586,S6_worst_case_no_intervention,eurozone,USDC
253,0.8079922047612162,212799226257.94592,586,S6_worst_case_no_intervention,eurozone,USDC
254,0.8076578501043445,207479245601.4438,586,S6_worst_case_no_intervention,eurozone,USDC
255,0.7810554460063999,202292264461.36472,586,S6_worst_case_no_intervention,eurozone,USDC
256,0.7849149684857818,197234957849.78668,586,S6_worst_case_no_intervention,eurozone,USDC
257,0.7988418141088548,192304083903.5065,586,S6_worst_case_no_intervention,eurozone,USDC
258,0.8087429917804249,187496481805.8938,586,S6_worst_case_no_intervention,eurozone,USDC
259,0.8031186433644683,182809069760.72638,586,S6_worst_case_no_intervention,eurozone,USDC
260,0.8224019328007993,178238843016.69077,586,S6_worst_case_no_intervention,eurozone,USDC
261,0.809492331212942,173782871941.2601,586,S6_worst_case_no_intervention,eurozone,USDC
262,0.7885352788384262,169438300142.71622,586,S6_worst_case_no_intervention,eurozone,USDC
263,0.7844005805152374,165202342639.13712,586,S6_worst_case_no_intervention,eurozone,USDC
264,0.7574974378906111,161072284073.14948,586,S6_worst_case_no_intervention,eurozone,USDC
265,0.74945247856709,157045476971.31174,586,S6_worst_case_no_intervention,eurozone,USDC
266,0.7535669824776106,153119340047.02158,586,S6_worst_case_no_intervention,eurozone,USDC
267,0.7431264641071931,149291356545.84067,586,S6_worst_case_no_intervention,eurozone,USDC
268,0.7513322283974153,145559072632.19022,586,S6_worst_case_no_intervention,eurozone,USDC
269,0.7769398321603921,141920095816.3821,586,S6_worst_case_no_intervention,eurozone,USDC
270,0.763441137229202,138372093420.9701,586,S6_worst_case_no_intervention,eurozone,USDC
271,0.7892719586034556,134912791085.44385,586,S6_worst_case_no_intervention,eurozone,USDC
272,0.7718458342579612,131539971308.30634,586,S6_worst_case_no_intervention,eurozone,USDC
273,0.7821628163217089,128251472025.59738,586,S6_worst_case_no_intervention,eurozone,USDC
274,0.7776126804465976,125045185224.95648,586,S6_worst_case_no_intervention,eurozone,USDC
275,0.7679791950815713,121919055594.33176,586,S6_worst_case_no_intervention,eurozone,USDC
276,0.7622081298376646,118871079204.47278,586,S6_worst_case_no_intervention,eurozone,USDC
277,0.7461937492009425,115899302224.36038,586,S6_worst_case_no_intervention,eurozone,USDC
278,0.7688615374166319,113001819668.75089,586,S6_worst_case_no_intervention,eurozone,USDC
279,0.7796193987823207,110176774177.03177,586,S6_worst_case_no_intervention,eurozone,USDC
280,0.7986424602694026,107422354822.60574,586,S6_worst_case_no_intervention,eurozone,USDC
281,0.8109403224223,104736795952.04039,586,S6_worst_case_no_intervention,eurozone,USDC
282,0.8185678394047313,102118376053.23924,586,S6_worst_case_no_intervention,eurozone,USDC
283,0.8110756185496387,99565416651.90814,586,S6_worst_case_no_intervention,eurozone,USDC
284,0.8056990751874913,97076281235.61034,586,S6_worst_case_no_intervention,eurozone,USDC
285,0.7952872910496769,94649374204.72,586,S6_worst_case_no_intervention,eurozone,USDC
286,0.769681024714616,92283139849.60193,586,S6_worst_case_no_intervention,eurozone,USDC
287,0.7410716373076964,89976061353.3618,586,S6_worst_case_no_intervention,eurozone,USDC
288,0.7571284369066069,87726659819.52768,586,S6_worst_case_no_intervention,eurozone,USDC
289,0.7641115947182144,85533493324.03944,586,S6_worst_case_no_intervention,eurozone,USDC
290,0.7876832892922166,83395155990.93842,586,S6_worst_case_no_intervention,eurozone,USDC
291,0.78240625988837,81310277091.16495,586,S6_worst_case_no_intervention,eurozone,USDC
292,0.785831151030917,79277520163.88579,586,S6_worst_case_no_intervention,eurozone,USDC
293,0.7821384548170118,77295582159.78864,586,S6_worst_case_no_intervention,eurozone,USDC
294,0.7923666148880066,75363192605.7939,586,S6_worst_case_no_intervention,eurozone,USDC
295,0.7812659389653372,73479112790.64905,586,S6_worst_case_no_intervention,eurozone,USDC
296,0.7708749372317045,71642134970.88281,586,S6_worst_case_no_intervention,eurozone,USDC
297,0.7724160573538259,69851081596.61072,586,S6_worst_case_no_intervention,eurozone,USDC
298,0.7867283503048281,68104804556.695435,586,S6_worst_case_no_intervention,eurozone,USDC
299,0.793405471728291,66402184442.77806,586,S6_worst_case_no_intervention,eurozone,USDC
300,0.8027325224669002,64742129831.7086,586,S6_worst_case_no_intervention,eurozone,USDC
301,0.77597654049456,63123576585.91589,586,S6_worst_case_no_intervention,eurozone,USDC
302,0.7805928586836787,61545487171.26799,586,S6_worst_case_no_intervention,eurozone,USDC
303,0.7872141870921029,60006849991.98628,586,S6_worst_case_no_intervention,eurozone,USDC
304,0.7733087728876069,58506678742.18663,586,S6_worst_case_no_intervention,eurozone,USDC
305,0.7524040714601372,57044011773.63197,586,S6_worst_case_no_intervention,eurozone,USDC
306,0.7446498859362791,55617911479.29117,586,S6_worst_case_no_intervention,eurozone,USDC
307,0.7491440844921115,54227463692.30888,586,S6_worst_case_no_intervention,eurozone,USDC
308,0.7504899772007646,52871777100.00117,586,S6_worst_case_no_intervention,eurozone,USDC
309,0.7531624486135005,51549982672.50114,586,S6_worst_case_no_intervention,eurozone,USDC
310,0.760627992332706,50261233105.68861,586,S6_worst_case_no_intervention,eurozone,USDC
311,0.765856737648032,49004702278.046394,586,S6_worst_case_no_intervention,eurozone,USDC
312,0.7657486805308233,47779584721.09523,586,S6_worst_case_no_intervention,eurozone,USDC
313,0.7795572944301298,46585095103.067856,586,S6_worst_case_no_intervention,eurozone,USDC
314,0.7788254290785998,45420467725.49116,586,S6_worst_case_no_intervention,eurozone,USDC
315,0.7727141733835456,44284956032.353874,586,S6_worst_case_no_intervention,eurozone,USDC
316,0.7593503050140287,43177832131.54503,586,S6_worst_case_no_intervention,eurozone,USDC
317,0.7780376991896257,42098386328.2564,586,S6_worst_case_no_intervention,eurozone,USDC
318,0.793870770855189,41045926670.04999,586,S6_worst_case_no_intervention,eurozone,USDC
319,0.7823653343811564,40019778503.29874,586,S6_worst_case_no_intervention,eurozone,USDC
320,0.7921767770725227,39019284040.71627,586,S6_worst_case_no_intervention,eurozone,USDC
321,0.798242839443394,38043801939.698364,586,S6_worst_case_no_intervention,eurozone,USDC
322,0.7756711777249576,37092706891.2059,586,S6_worst_case_no_intervention,eurozone,USDC
323,0.7656045366805085,36165389218.92576,586,S6_worst_case_no_intervention,eurozone,USDC
324,0.7654104175312564,35261254488.45262,586,S6_worst_case_no_intervention,eurozone,USDC
325,0.7598687679040594,34379723126.2413,586,S6_worst_case_no_intervention,eurozone,USDC
326,0.7635717187596536,33520230048.085266,586,S6_worst_case_no_intervention,eurozone,USDC
327,0.7657322893017537,32682224296.883137,586,S6_worst_case_no_intervention,eurozone,USDC
328,0.7556627166556688,31865168689.46106,586,S6_worst_case_no_intervention,eurozone,USDC
329,0.7359456323264744,31068539472.224533,586,S6_worst_case_no_intervention,eurozone,USDC
330,0.7343939539153183,30291825985.41892,586,S6_worst_case_no_intervention,eurozone,USDC
331,0.7430273599294472,29534530335.783447,586,S6_worst_case_no_intervention,eurozone,USDC
332,0.7209108670842607,28796167077.388863,586,S6_worst_case_no_intervention,eurozone,USDC
333,0.7362943461569499,28076262900.45414,586,S6_worst_case_no_intervention,eurozone,USDC
334,0.736580731314666,27374356327.94279,586,S6_worst_case_no_intervention,eurozone,USDC
335,0.7382680088243257,26689997419.74422,586,S6_worst_case_no_intervention,eurozone,USDC
336,0.7332055073517845,26022747484.250618,586,S6_worst_case_no_intervention,eurozone,USDC
337,0.7509248476464844,25372178797.14435,586,S6_worst_case_no_intervention,eurozone,USDC
338,0.7599760893790865,24737874327.21574,586,S6_worst_case_no_intervention,eurozone,USDC
339,0.7555246173854382,24119427469.035347,586,S6_worst_case_no_intervention,eurozone,USDC
340,0.7667920559733689,23516441782.309464,586,S6_worst_case_no_intervention,eurozone,USDC
341,0.7691941356202862,22928530737.751724,586,S6_worst_case_no_intervention,eurozone,USDC
342,0.7630491653925164,22355317469.30793,586,S6_worst_case_no_intervention,eurozone,USDC
343,0.7748327189175002,21796434532.575233,586,S6_worst_case_no_intervention,eurozone,USDC
344,0.7815881167101357,21251523669.260853,586,S6_worst_case_no_intervention,eurozone,USDC
345,0.8060721661490644,20720235577.52933,586,S6_worst_case_no_intervention,eurozone,USDC
346,0.7941410363990211,20202229688.0911,586,S6_worst_case_no_intervention,eurozone,USDC
347,0.7779695454586314,19697173945.88882,586,S6_worst_case_no_intervention,eurozone,USDC
348,0.7971709228995252,19204744597.2416,586,S6_worst_case_no_intervention,eurozone,USDC
349,0.8252977382688961,18724625982.31056,586,S6_worst_case_no_intervention,eurozone,USDC
350,0.8199380691348994,18256510332.752796,586,S6_worst_case_no_intervention,eurozone,USDC
351,0.8223041125191644,17800097574.433975,586,S6_worst_case_no_intervention,eurozone,USDC
352,0.8096081845685796,17355095135.073128,586,S6_worst_case_no_intervention,eurozone,USDC
353,0.8035727626601916,16921217756.6963,586,S6_worst_case_no_intervention,eurozone,USDC
354,0.8022823059199219,16498187312.778893,586,S6_worst_case_no_intervention,eurozone,USDC
355,0.8133324251487927,16085732629.959417,586,S6_worst_case_no_intervention,eurozone,USDC
356,0.8112689548434827,15683589314.21043,586,S6_worst_case_no_intervention,eurozone,USDC
357,0.8029396652540559,15291499581.355171,586,S6_worst_case_no_intervention,eurozone,USDC
358,0.7941489895921324,14909212091.821293,586,S6_worst_case_no_intervention,eurozone,USDC
359,0.7945327788936786,14536481789.525759,586,S6_worst_case_no_intervention,eurozone,USDC
360,0.8051753852415668,14173069744.787617,586,S6_worst_case_no_intervention,eurozone,USDC
361,0.8003082093354268,13818743001.167923,586,S6_worst_case_no_intervention,eurozone,USDC
362,0.7845627308285654,13473274426.138727,586,S6_worst_case_no_intervention,eurozone,USDC
363,0.7904932746617984,13136442565.48526,586,S6_worst_case_no_intervention,eurozone,USDC
364,0.7851833382447425,12808031501.348127,586,S6_worst_case_no_intervention,eurozone,USDC
365,0.7951450725237927,12487830713.814425,586,S6_worst_case_no_intervention,eurozone,USDC
366,0.7876935691514226,12175634945.969063,586,S6_worst_case_no_intervention,eurozone,USDC
367,0.792098968633657,11871244072.319836,586,S6_worst_case_no_intervention,eurozone,USDC
368,0.8142842939644719,11574462970.51184,586,S6_worst_case_no_intervention,eurozone,USDC
369,0.8236363117198253,11285101396.249044,586,S6_worst_case_no_intervention,eurozone,USDC
370,0.8193253327242472,11002973861.342817,586,S6_worst_case_no_intervention,eurozone,USDC
371,0.8209641371052052,10727899514.809248,586,S6_worst_case_no_intervention,eurozone,USDC
372,0.8334923582064392,10459702026.939016,586,S6_worst_case_no_intervention,eurozone,USDC
373,0.810180463827325,10198209476.265541,586,S6_worst_case_no_intervention,eurozone,USDC
374,0.8021082669005312,9943254239.358902,586,S6_worst_case_no_intervention,eurozone,USDC
375,0.7879191572595275,9694672883.374931,586,S6_worst_case_no_intervention,eurozone,USDC
376,0.7930669412265378,9452306061.290558,586,S6_worst_case_no_intervention,eurozone,USDC
377,0.7944408107264107,9215998409.758293,586,S6_worst_case_no_intervention,eurozone,USDC
378,0.7986271535586019,8985598449.514336,586,S6_worst_case_no_intervention,eurozone,USDC
379,0.7806125584046032,8760958488.276478,586,S6_worst_case_no_intervention,eurozone,USDC
380,0.7524938495418213,8541934526.069567,586,S6_worst_case_no_intervention,eurozone,USDC
381,0.7584752126867843,8328386162.917827,586,S6_worst_case_no_intervention,eurozone,USDC
382,0.7586294665644647,8120176508.844882,586,S6_worst_case_no_intervention,eurozone,USDC
383,0.7341290716411724,7917172096.123759,586,S6_worst_case_no_intervention,eurozone,USDC
384,0.7528605056670566,7719242793.720666,586,S6_worst_case_no_intervention,eurozone,USDC
385,0.7414911159589033,7526261723.877649,586,S6_worst_case_no_intervention,eurozone,USDC
386,0.7514472364842426,7338105180.780708,586,S6_worst_case_no_intervention,eurozone,USDC
387,0.766519858663398,7154652551.261189,586,S6_worst_case_no_intervention,eurozone,USDC
388,0.7404248403792801,6975786237.47966,586,S6_worst_case_no_intervention,eurozone,USDC
389,0.7264086276392683,6801391581.542668,586,S6_worst_case_no_intervention,eurozone,USDC
390,0.7334194765978951,6631356792.004103,586,S6_worst_case_no_intervention,eurozone,USDC
391,0.6382969814557827,6465572872.2039995,586,S6_worst_case_no_intervention,eurozone,USDC
392,0.5582082806184342,6303933550.398899,586,S6_worst_case_no_intervention,eurozone,USDC
393,0.6018260040525871,6146335211.638927,586,S6_worst_case_no_intervention,eurozone,USDC
394,0.6250484936631309,5992676831.347954,586,S6_worst_case_no_intervention,eurozone,USDC
395,0.5602603788999857,5842859910.564255,586,S6_worst_case_no_intervention,eurozone,USDC
396,0.586884272245258,5696788412.800148,586,S6_worst_case_no_intervention,eurozone,USDC
397,0.6295889436470595,5554368702.4801445,586,S6_worst_case_no_intervention,eurozone,USDC
398,0.6547588636241772,5415509484.91814,586,S6_worst_case_no_intervention,eurozone,USDC
399,0.6544315942181543,5280121747.795187,586,S6_worst_case_no_intervention,eurozone,USDC
400,0.6637923971397128,5148118704.100307,586,S6_worst_case_no_intervention,eurozone,USDC
401,0.6860771772732828,5019415736.497799,586,S6_worst_case_no_intervention,eurozone,USDC
402,0.700020639168936,4893930343.085354,586,S6_worst_case_no_intervention,eurozone,USDC
403,0.7041607505594595,4771582084.508221,586,S6_worst_case_no_intervention,eurozone,USDC
404,0.715248281466959,4652292532.395515,586,S6_worst_case_no_intervention,eurozone,USDC
405,0.7386800251366835,4535985219.085627,586,S6_worst_case_no_intervention,eurozone,USDC
406,0.7447878853634569,4422585588.608486,586,S6_worst_case_no_intervention,eurozone,USDC
407,0.7421727512976777,4312020948.893274,586,S6_worst_case_no_intervention,eurozone,USDC
408,0.7469134970204542,4204220425.1709423,586,S6_worst_case_no_intervention,eurozone,USDC
409,0.7453576192155263,4099114914.541669,586,S6_worst_case_no_intervention,eurozone,USDC
410,0.7531487087667523,3996637041.6781273,586,S6_worst_case_no_intervention,eurozone,USDC
411,0.7601238822112276,3896721115.636174,586,S6_worst_case_no_intervention,eurozone,USDC
412,0.7823306727693651,3799303087.74527,586,S6_worst_case_no_intervention,eurozone,USDC
413,0.7648224656065112,3704320510.5516386,586,S6_worst_case_no_intervention,eurozone,USDC
414,0.7693197271683689,3611712497.7878475,586,S6_worst_case_no_intervention,eurozone,USDC
415,0.7612476233339468,3521419685.343151,586,S6_worst_case_no_intervention,eurozone,USDC
416,0.7786718512035011,3433384193.209573,586,S6_worst_case_no_intervention,eurozone,USDC
417,0.7808504283568387,3347549588.379333,586,S6_worst_case_no_intervention,eurozone,USDC
418,0.7699841036372524,3263860848.66985,586,S6_worst_case_no_intervention,eurozone,USDC
419,0.764856208836333,3182264327.4531035,586,S6_worst_case_no_intervention,eurozone,USDC
420,0.7539095454046877,3102707719.266776,586,S6_worst_case_no_intervention,eurozone,USDC
421,0.773769843103097,3025140026.2851067,586,S6_worst_case_no_intervention,eurozone,USDC
422,0.7650408704026578,2949511525.627979,586,S6_worst_case_no_intervention,eurozone,USDC
423,0.7692833867837845,2875773737.48728,586,S6_worst_case_no_intervention,eurozone,USDC
424,0.7758120977509376,2803879394.0500975,586,S6_worst_case_no_intervention,eurozone,USDC
425,0.7619065189741934,2733782409.198845,586,S6_worst_case_no_intervention,eurozone,USDC
426,0.7618615502022675,2665437848.968874,586,S6_worst_case_no_intervention,eurozone,USDC
427,0.7854978845026975,2598801902.7446523,586,S6_worst_case_no_intervention,eurozone,USDC
428,0.7944646199070243,2533831855.176036,586,S6_worst_case_no_intervention,eurozone,USDC
429,0.8319364798990164,2470486058.796635,586,S6_worst_case_no_intervention,eurozone,USDC
430,0.8395186949282739,2408723907.3267193,586,S6_worst_case_no_intervention,eurozone,USDC
431,0.829364262586483,2348505809.643551,586,S6_worst_case_no_intervention,eurozone,USDC
432,0.8222087330808269,2289793164.402462,586,S6_worst_case_no_intervention,eurozone,USDC
433,0.806367675365628,2232548335.292401,586,S6_worst_case_no_intervention,eurozone,USDC
434,0.7854126533481918,2176734626.910091,586,S6_worst_case_no_intervention,eurozone,USDC
435,0.7897824209006383,2122316261.2373385,586,S6_worst_case_no_intervention,eurozone,USDC
436,0.7849260315804449,2069258354.706405,586,S6_worst_case_no_intervention,eurozone,USDC
437,0.8027669055783826,2017526895.8387449,586,S6_worst_case_no_intervention,eurozone,USDC
438,0.7945398148279846,1967088723.4427762,586,S6_worst_case_no_intervention,eurozone,USDC
439,0.796622806215775,1917911505.3567066,586,S6_worst_case_no_intervention,eurozone,USDC
440,0.802208667125082,1869963717.7227893,586,S6_worst_case_no_intervention,eurozone,USDC
441,0.7990977498909103,1823214624.7797194,586,S6_worst_case_no_intervention,eurozone,USDC
442,0.7767537128024475,1777634259.1602263,586,S6_worst_case_no_intervention,eurozone,USDC
443,0.7754693694707394,1733193402.6812205,586,S6_worst_case_no_intervention,eurozone,USDC
444,0.7439894989907391,1689863567.61419,586,S6_worst_case_no_intervention,eurozone,USDC
445,0.7682872983529502,1647616978.4238353,586,S6_worst_case_no_intervention,eurozone,USDC
446,0.7438162671141302,1606426553.9632397,586,S6_worst_case_no_intervention,eurozone,USDC
447,0.7498166578086005,1566265890.1141586,586,S6_worst_case_no_intervention,eurozone,USDC
448,0.7633241725532839,1527109242.8613045,586,S6_worst_case_no_intervention,eurozone,USDC
449,0.7648281465932276,1488931511.789772,586,S6_worst_case_no_intervention,eurozone,USDC
450,0.7642583296908819,1451708223.9950275,586,S6_worst_case_no_intervention,eurozone,USDC
451,0.783181188498357,1415415518.395152,586,S6_worst_case_no_intervention,eurozone,USDC
452,0.7915023990709913,1380030130.4352732,586,S6_worst_case_no_intervention,eurozone,USDC
453,0.8023159230873428,1345529377.1743913,586,S6_worst_case_no_intervention,eurozone,USDC
454,0.801024258523661,1311891142.7450316,586,S6_worst_case_no_intervention,eurozone,USDC
455,0.8186008850872238,1279093864.1764057,586,S6_worst_case_no_intervention,eurozone,USDC
456,0.7926351300838219,1247116517.5719957,586,S6_worst_case_no_intervention,eurozone,USDC
457,0.7913671154013115,1215938604.6326957,586,S6_worst_case_no_intervention,eurozone,USDC
458,0.7867167745043965,1185540139.5168784,586,S6_worst_case_no_intervention,eurozone,USDC
459,0.7578307224272419,1155901636.0289564,586,S6_worst_case_no_intervention,eurozone,USDC
460,0.7626719412072253,1127004095.1282325,586,S6_worst_case_no_intervention,eurozone,USDC
461,0.7527171362624877,1098828992.7500267,586,S6_worst_case_no_intervention,eurozone,USDC
462,0.7489342636166998,1071358267.9312758,586,S6_worst_case_no_intervention,eurozone,USDC
463,0.7344416945417185,1044574311.232994,586,S6_worst_case_no_intervention,eurozone,USDC
464,0.7433517700271755,1018459953.4521692,586,S6_worst_case_no_intervention,eurozone,USDC
465,0.7559561144011481,992998454.615865,586,S6_worst_case_no_intervention,eurozone,USDC
466,0.7717690570243013,968173493.2504685,586,S6_worst_case_no_intervention,eurozone,USDC
467,0.7835287014627117,943969155.9192069,586,S6_worst_case_no_intervention,eurozone,USDC
468,0.7816403889189728,920369927.0212266,586,S6_worst_case_no_intervention,eurozone,USDC
469,0.7708042544670993,897360678.845696,586,S6_worst_case_no_intervention,eurozone,USDC
470,0.757267443965709,874926661.8745537,586,S6_worst_case_no_intervention,eurozone,USDC
471,0.762078282481853,853053495.3276896,586,S6_worst_case_no_intervention,eurozone,USDC
472,0.759081642930363,831727157.9444976,586,S6_worst_case_no_intervention,eurozone,USDC
473,0.7589241432264286,810933978.9958851,586,S6_worst_case_no_intervention,eurozone,USDC
474,0.7733805311140478,790660629.520988,586,S6_worst_case_no_intervention,eurozone,USDC
475,0.7608568290089985,770894113.7829633,586,S6_worst_case_no_intervention,eurozone,USDC
476,0.7854573095953735,751621760.9383892,586,S6_worst_case_no_intervention,eurozone,USDC
477,0.7710753091324414,732831216.9149295,586,S6_worst_case_no_intervention,eurozone,USDC
478,0.7582715344057764,714510436.4920561,586,S6_worst_case_no_intervention,eurozone,USDC
479,0.7580105983804374,696647675.5797548,586,S6_worst_case_no_intervention,eurozone,USDC
480,0.7842779691666588,679231483.6902609,586,S6_worst_case_no_intervention,eurozone,USDC
481,0.7953702517775549,662250696.5980045,586,S6_worst_case_no_intervention,eurozone,USDC
482,0.8043097316337411,645694429.1830543,586,S6_worst_case_no_intervention,eurozone,USDC
483,0.802522104363223,629552068.453478,586,S6_worst_case_no_intervention,eurozone,USDC
484,0.8222748769850087,613813266.742141,586,S6_worst_case_no_intervention,eurozone,USDC
485,0.826903259914307,598467935.0735875,586,S6_worst_case_no_intervention,eurozone,USDC
486,0.8150287069299748,583506236.6967478,586,S6_worst_case_no_intervention,eurozone,USDC
487,0.8148535880922024,568918580.7793292,586,S6_worst_case_no_intervention,eurozone,USDC
488,0.7943932105895434,554695616.259846,586,S6_worst_case_no_intervention,eurozone,USDC
489,0.8107652118369968,540828225.8533498,586,S6_worst_case_no_intervention,eurozone,USDC
490,0.8029492057424825,527307520.20701605,586,S6_worst_case_no_intervention,eurozone,USDC
491,0.8190034900868821,514124832.20184064,586,S6_worst_case_no_intervention,eurozone,USDC
492,0.8148430958401243,501271711.3967947,586,S6_worst_case_no_intervention,eurozone,USDC
493,0.7947247197612634,488739918.6118747,586,S6_worst_case_no_intervention,eurozone,USDC
494,0.800207844628162,476521420.6465779,586,S6_worst_case_no_intervention,eurozone,USDC
495,0.7677289085842641,464608385.1304134,586,S6_worst_case_no_intervention,eurozone,USDC
496,0.8042300787704414,452993175.5021531,586,S6_worst_case_no_intervention,eurozone,USDC
497,0.7952768415770846,441668346.1145993,586,S6_worst_case_no_intervention,eurozone,USDC
498,0.8090268108897049,430626637.4617343,586,S6_worst_case_no_intervention,eurozone,USDC
499,0.8174206487686264,419860971.52519095,586,S6_worst_case_no_intervention,eurozone,USDC
500,0.8487157946473979,409364447.23706114,586,S6_worst_case_no_intervention,eurozone,USDC
501,0.8523843121011146,399130336.05613464,586,S6_worst_case_no_intervention,eurozone,USDC
502,0.8465152709223508,389152077.6547313,586,S6_worst_case_no_intervention,eurozone,USDC
503,0.8224078664120092,379423275.713363,586,S6_worst_case_no_intervention,eurozone,USDC
504,0.82546596182647,369937693.8205289,586,S6_worst_case_no_intervention,eurozone,USDC
505,0.8071819977342239,360689251.4750157,586,S6_worst_case_no_intervention,eurozone,USDC
506,0.7826209072602617,351672020.18814033,586,S6_worst_case_no_intervention,eurozone,USDC
507,0.7617985295167135,342880219.6834368,586,S6_worst_case_no_intervention,eurozone,USDC
508,0.7654799325995703,334308214.19135094,586,S6_worst_case_no_intervention,eurozone,USDC
509,0.761440115739226,325950508.83656716,586,S6_worst_case_no_intervention,eurozone,USDC
510,0.7720997969683666,317801746.115653,586,S6_worst_case_no_intervention,eurozone,USDC
511,0.7933018333740123,309856702.46276164,586,S6_worst_case_no_intervention,eurozone,USDC
512,0.7766938333300794,302110284.9011926,586,S6_worst_case_no_intervention,eurozone,USDC
513,0.7796142716844929,294557527.77866274,586,S6_worst_case_no_intervention,eurozone,USDC
514,0.7586774534200961,287193589.5841962,586,S6_worst_case_no_intervention,eurozone,USDC
515,0.7673414765807899,280013749.8445913,586,S6_worst_case_no_intervention,eurozone,USDC
516,0.7799457486278089,273013406.09847647,586,S6_worst_case_no_intervention,eurozone,USDC
517,0.767692666434018,266188070.94601458,586,S6_worst_case_no_intervention,eurozone,USDC
518,0.7948153676671861,259533369.1723642,586,S6_worst_case_no_intervention,eurozone,USDC
519,0.7934226873243815,253045034.94305515,586,S6_worst_case_no_intervention,eurozone,USDC
520,0.7557553352416724,246718909.06947875,586,S6_worst_case_no_intervention,eurozone,USDC
521,0.757011616079498,240550936.3427418,586,S6_worst_case_no_intervention,eurozone,USDC
522,0.7617853954143735,234537162.93417323,586,S6_worst_case_no_intervention,eurozone,USDC
523,0.7686287272185205,228673733.86081892,586,S6_worst_case_no_intervention,eurozone,USDC
524,0.7567737010618455,222956890.51429844,586,S6_worst_case_no_intervention,eurozone,USDC
525,0.7635815459136664,217382968.25144094,586,S6_worst_case_no_intervention,eurozone,USDC
526,0.7696803888798676,211948394.04515493,586,S6_worst_case_no_intervention,eurozone,USDC
527,0.7795633601028593,206649684.19402608,586,S6_worst_case_no_intervention,eurozone,USDC
528,0.745824228211352,201483442.0891754,586,S6_worst_case_no_intervention,eurozone,USDC
529,0.7484003948050357,196446356.03694603,586,S6_worst_case_no_intervention,eurozone,USDC
530,0.7537072647680111,191535197.1360224,586,S6_worst_case_no_intervention,eurozone,USDC
531,0.7603225325397749,186746817.2076218,586,S6_worst_case_no_intervention,eurozone,USDC
532,0.7857319253743783,182078146.77743125,586,S6_worst_case_no_intervention,eurozone,USDC
533,0.7856907523337273,177526193.10799548,586,S6_worst_case_no_intervention,eurozone,USDC
534,0.8158516723573958,173088038.2802956,586,S6_worst_case_no_intervention,eurozone,USDC
535,0.811836752177862,168760837.3232882,586,S6_worst_case_no_intervention,eurozone,USDC
536,0.8410805438539686,164541816.39020598,586,S6_worst_case_no_intervention,eurozone,USDC
537,0.8118084787457722,160428270.98045084,586,S6_worst_case_no_intervention,eurozone,USDC
538,0.819697541461305,156417564.20593956,586,S6_worst_case_no_intervention,eurozone,USDC
539,0.8105370015223781,152507125.10079107,586,S6_worst_case_no_intervention,eurozone,USDC
540,0.7943077981299059,148694446.9732713,586,S6_worst_case_no_intervention,eurozone,USDC
541,0.8232281024527521,144977085.79893953,586,S6_worst_case_no_intervention,eurozone,USDC
542,0.8122580371035698,141352658.65396604,586,S6_worst_case_no_intervention,eurozone,USDC
543,0.8238881226544719,137818842.18761688,586,S6_worst_case_no_intervention,eurozone,USDC
544,0.8144403839841451,134373371.13292646,586,S6_worst_case_no_intervention,eurozone,USDC
545,0.8422155153742213,131014036.85460329,586,S6_worst_case_no_intervention,eurozone,USDC
546,0.8157481435753253,127738685.93323822,586,S6_worst_case_no_intervention,eurozone,USDC
547,0.7727209616188232,124545218.78490728,586,S6_worst_case_no_intervention,eurozone,USDC
548,0.7896350738331551,121431588.31528461,586,S6_worst_case_no_intervention,eurozone,USDC
549,0.7711860071421047,118395798.60740247,586,S6_worst_case_no_intervention,eurozone,USDC
550,0.7786146987636314,115435903.64221743,586,S6_worst_case_no_intervention,eurozone,USDC
551,0.8076371597880949,112550006.05116197,586,S6_worst_case_no_intervention,eurozone,USDC
552,0.8008452712694771,109736255.89988291,586,S6_worst_case_no_intervention,eurozone,USDC
553,0.7943175896873572,106992849.50238585,586,S6_worst_case_no_intervention,eurozone,USDC
554,0.8071335283016815,104318028.26482621,586,S6_worst_case_no_intervention,eurozone,USDC
555,0.8081921314577917,101710077.55820554,586,S6_worst_case_no_intervention,eurozone,USDC
556,0.7994810583153905,99167325.6192504,586,S6_worst_case_no_intervention,eurozone,USDC
557,0.8057843397892503,96688142.47876915,586,S6_worst_case_no_intervention,eurozone,USDC
558,0.8039102149402407,94270938.91679992,586,S6_worst_case_no_intervention,eurozone,USDC
559,0.8236718499663251,91914165.44387992,586,S6_worst_case_no_intervention,eurozone,USDC
560,0.7826166399304425,89616311.30778293,586,S6_worst_case_no_intervention,eurozone,USDC
561,0.7956518132934893,87375903.52508835,586,S6_worst_case_no_intervention,eurozone,USDC
562,0.8017462450376912,85191505.93696114,586,S6_worst_case_no_intervention,eurozone,USDC
563,0.7985801969822961,83061718.28853711,586,S6_worst_case_no_intervention,eurozone,USDC
564,0.806667536375422,80985175.33132368,586,S6_worst_case_no_intervention,eurozone,USDC
565,0.7916108066810407,78960545.94804059,586,S6_worst_case_no_intervention,eurozone,USDC
566,0.771323226605769,76986532.29933958,586,S6_worst_case_no_intervention,eurozone,USDC
567,0.7922402752112707,75061868.9918561,586,S6_worst_case_no_intervention,eurozone,USDC
568,0.7801725665360972,73185322.26705968,586,S6_worst_case_no_intervention,eurozone,USDC
569,0.7838920559701019,71355689.21038319,586,S6_worst_case_no_intervention,eurozone,USDC
570,0.7770549536746627,69571796.98012361,586,S6_worst_case_no_intervention,eurozone,USDC
571,0.7998868644125403,67832502.05562052,586,S6_worst_case_no_intervention,eurozone,USDC
572,0.807717538676406,66136689.50423001,586,S6_worst_case_no_intervention,eurozone,USDC
573,0.8025695844557628,64483272.266624264,586,S6_worst_case_no_intervention,eurozone,USDC
574,0.806080475680925,62871190.45995866,586,S6_worst_case_no_intervention,eurozone,USDC
575,0.7900990301107865,61299410.698459685,586,S6_worst_case_no_intervention,eurozone,USDC
576,0.7675936156819728,59766925.43099819,586,S6_worst_case_no_intervention,eurozone,USDC
577,0.7448866705382569,58272752.295223236,586,S6_worst_case_no_intervention,eurozone,USDC
578,0.7616624627049938,56815933.487842664,586,S6_worst_case_no_intervention,eurozone,USDC
579,0.7692994807651001,55395535.1506466,586,S6_worst_case_no_intervention,eurozone,USDC
580,0.7568454867926012,54010646.771880426,586,S6_worst_case_no_intervention,eurozone,USDC
581,0.7574291447219216,52660380.60258342,586,S6_worst_case_no_intervention,eurozone,USDC
582,0.7755969379303633,51343871.08751883,586,S6_worst_case_no_intervention,eurozone,USDC
583,0.7957940595226988,50060274.31033087,586,S6_worst_case_no_intervention,eurozone,USDC
584,0.7863792468667266,48808767.45257259,586,S6_worst_case_no_intervention,eurozone,USDC
585,0.7595298896515049,47588548.26625828,586,S6_worst_case_no_intervention,eurozone,USDC
586,0.7426413730022515,46398834.55960181,586,S6_worst_case_no_intervention,eurozone,USDC
587,0.758803428862399,45238863.695611775,586,S6_worst_case_no_intervention,eurozone,USDC
588,0.7727806541362593,44107892.103221476,586,S6_worst_case_no_intervention,eurozone,USDC
589,0.7935237603699932,43005194.80064094,586,S6_worst_case_no_intervention,eurozone,USDC
590,0.7875187676673504,41930064.93062492,586,S6_worst_case_no_intervention,eurozone,USDC
591,0.7891659366333545,40881813.30735929,586,S6_worst_case_no_intervention,eurozone,USDC
592,0.7783264002443107,39859767.97467531,586,S6_worst_case_no_intervention,eurozone,USDC
593,0.7887944124913241,38863273.77530843,586,S6_worst_case_no_intervention,eurozone,USDC
594,0.7779883724645975,37891691.93092571,586,S6_worst_case_no_intervention,eurozone,USDC
595,0.7849246618642644,36944399.63265257,586,S6_worst_case_no_intervention,eurozone,USDC
596,0.7997811800428252,36020789.64183626,586,S6_worst_case_no_intervention,eurozone,USDC
597,0.7982826007821037,35120269.900790356,586,S6_worst_case_no_intervention,eurozone,USDC
598,0.7977936118048882,34242263.153270595,586,S6_worst_case_no_intervention,eurozone,USDC
599,0.8134686487046101,33386206.574438833,586,S6_worst_case_no_intervention,eurozone,USDC
600,0.7969638623673433,32551551.410077862,586,S6_worst_case_no_intervention,eurozone,USDC
601,0.7764719492084994,31737762.62482591,586,S6_worst_case_no_intervention,eurozone,USDC
602,0.7668873194898077,30944318.559205264,586,S6_worst_case_no_intervention,eurozone,USDC
603,0.769670885317394,30170710.595225133,586,S6_worst_case_no_intervention,eurozone,USDC
604,0.7532104142585825,29416442.830344502,586,S6_worst_case_no_intervention,eurozone,USDC
605,0.7354639652144458,28681031.759585895,586,S6_worst_case_no_intervention,eurozone,USDC
606,0.7378395022058142,27964005.965596244,586,S6_worst_case_no_intervention,eurozone,USDC
607,0.7228427175782108,27264905.81645634,586,S6_worst_case_no_intervention,eurozone,USDC
608,0.7297902503985197,26583283.17104493,586,S6_worst_case_no_intervention,eurozone,USDC
609,0.7422640209962919,25918701.09176881,586,S6_worst_case_no_intervention,eurozone,USDC
610,0.7636405356737871,25270733.564474586,586,S6_worst_case_no_intervention,eurozone,USDC
611,0.7632415361375715,24638965.225362718,586,S6_worst_case_no_intervention,eurozone,USDC
612,0.7791470112527286,24022991.094728652,586,S6_worst_case_no_intervention,eurozone,USDC
613,0.7883654021976801,23422416.317360435,586,S6_worst_case_no_intervention,eurozone,USDC
614,0.8043671468082465,22836855.909426425,586,S6_worst_case_no_intervention,eurozone,USDC
615,0.7865388481046072,22265934.511690762,586,S6_worst_case_no_intervention,eurozone,USDC
616,0.777322183684898,21709286.148898493,586,S6_worst_case_no_intervention,eurozone,USDC
617,0.7838331085584106,21166553.995176032,586,S6_worst_case_no_intervention,eurozone,USDC
618,0.7967893760216201,20637390.14529663,586,S6_worst_case_no_intervention,eurozone,USDC
619,0.7993917844403531,20121455.391664214,586,S6_worst_case_no_intervention,eurozone,USDC
620,0.8025543112398589,19618419.00687261,586,S6_worst_case_no_intervention,eurozone,USDC
621,0.7979253866416983,19127958.531700794,586,S6_worst_case_no_intervention,eurozone,USDC
622,0.7991884892057444,18649759.568408273,586,S6_worst_case_no_intervention,eurozone,USDC
623,0.8188698488061618,18183515.57919807,586,S6_worst_case_no_intervention,eurozone,USDC
624,0.8251144856240256,17728927.689718116,586,S6_worst_case_no_intervention,eurozone,USDC
625,0.8058757127272326,17285704.497475162,586,S6_worst_case_no_intervention,eurozone,USDC
626,0.8103772268342607,16853561.885038286,586,S6_worst_case_no_intervention,eurozone,USDC
627,0.7959911058394704,16432222.837912327,586,S6_worst_case_no_intervention,eurozone,USDC
628,0.77786953641927,16021417.266964518,586,S6_worst_case_no_intervention,eurozone,USDC
629,0.7584717817938088,15620881.835290406,586,S6_worst_case_no_intervention,eurozone,USDC
630,0.7511938644147647,15230359.789408147,586,S6_worst_case_no_intervention,eurozone,USDC
631,0.7462982297275794,14849600.79467294,586,S6_worst_case_no_intervention,eurozone,USDC
632,0.7354904542768935,14478360.77480612,586,S6_worst_case_no_intervention,eurozone,USDC
633,0.7476115876073425,14116401.755435966,586,S6_worst_case_no_intervention,eurozone,USDC
634,0.7552121263774028,13763491.711550066,586,S6_worst_case_no_intervention,eurozone,USDC
635,0.7405111205238888,13419404.418761313,586,S6_worst_case_no_intervention,eurozone,USDC
636,0.7665295599839436,13083919.308292283,586,S6_worst_case_no_intervention,eurozone,USDC
637,0.7805515588448335,12756821.325584976,586,S6_worst_case_no_intervention,eurozone,USDC
638,0.779683934302255,12437900.79244535,586,S6_worst_case_no_intervention,eurozone,USDC
639,0.7906577677619337,12126953.272634216,586,S6_worst_case_no_intervention,eurozone,USDC
640,0.7811491528466687,11823779.440818362,586,S6_worst_case_no_intervention,eurozone,USDC
641,0.7953947675837176,11528184.954797903,586,S6_worst_case_no_intervention,eurozone,USDC
642,0.8148356001790514,11239980.330927955,586,S6_worst_case_no_intervention,eurozone,USDC
643,0.7888652931034829,10958980.822654756,586,S6_worst_case_no_intervention,eurozone,USDC
644,0.7873137038487616,10685006.302088387,586,S6_worst_case_no_intervention,eurozone,USDC
645,0.8079304771816984,10417881.144536179,586,S6_worst_case_no_intervention,eurozone,USDC
646,0.8142372916851975,10157434.115922773,586,S6_worst_case_no_intervention,eurozone,USDC
647,0.7920829205714386,9903498.263024705,586,S6_worst_case_no_intervention,eurozone,USDC
648,0.7849239531983179,9655910.806449087,586,S6_worst_case_no_intervention,eurozone,USDC
649,0.7703110187368755,9414513.03628786,586,S6_worst_case_no_intervention,eurozone,USDC
650,0.7775066023286785,9179150.210380664,586,S6_worst_case_no_intervention,eurozone,USDC
651,0.7878435426537574,8949671.455121147,586,S6_worst_case_no_intervention,eurozone,USDC
652,0.732663037171198,8725929.668743119,586,S6_worst_case_no_intervention,eurozone,USDC
653,0.7424990301704121,8507781.42702454,586,S6_worst_case_no_intervention,eurozone,USDC
654,0.7663490263415551,8295086.891348926,586,S6_worst_case_no_intervention,eurozone,USDC
655,0.7519956650176061,8087709.719065204,586,S6_worst_case_no_intervention,eurozone,USDC
656,0.7294147763458383,7885516.976088574,586,S6_worst_case_no_intervention,eurozone,USDC
657,0.7562135253199778,7688379.05168636,586,S6_worst_case_no_intervention,eurozone,USDC
658,0.7555554950508364,7496169.5753942,586,S6_worst_case_no_intervention,eurozone,USDC
659,0.7526710367796232,7308765.336009346,586,S6_worst_case_no_intervention,eurozone,USDC
660,0.7305005923046978,7126046.2026091125,586,S6_worst_case_no_intervention,eurozone,USDC
661,0.7090252242199088,6947895.047543885,586,S6_worst_case_no_intervention,eurozone,USDC
662,0.7284156765785089,6774197.671355287,586,S6_worst_case_no_intervention,eurozone,USDC
663,0.6971507401994266,6604842.729571406,586,S6_worst_case_no_intervention,eurozone,USDC
664,0.6896651812788159,6439721.66133212,586,S6_worst_case_no_intervention,eurozone,USDC
665,0.69434346613044,6278728.619798818,586,S6_worst_case_no_intervention,eurozone,USDC
666,0.6859399182963439,6121760.404303847,586,S6_worst_case_no_intervention,eurozone,USDC
667,0.6920503232320834,5968716.39419625,586,S6_worst_case_no_intervention,eurozone,USDC
668,0.6950025256057151,5819498.484341344,586,S6_worst_case_no_intervention,eurozone,USDC
669,0.7180844771529051,5674011.02223281,586,S6_worst_case_no_intervention,eurozone,USDC
670,0.7259855084521988,5532160.746676991,586,S6_worst_case_no_intervention,eurozone,USDC
671,0.7406824218393789,5393856.728010066,586,S6_worst_case_no_intervention,eurozone,USDC
672,0.7557321649486729,5259010.309809813,586,S6_worst_case_no_intervention,eurozone,USDC
673,0.7635471490042344,5127535.052064569,586,S6_worst_case_no_intervention,eurozone,USDC
674,0.7886857893755393,4999346.675762955,586,S6_worst_case_no_intervention,eurozone,USDC
675,0.8167862737878092,4874363.008868881,586,S6_worst_case_no_intervention,eurozone,USDC
676,0.8366377252094808,4752503.933647159,586,S6_worst_case_no_intervention,eurozone,USDC
677,0.8320566166013058,4633691.3353059795,586,S6_worst_case_no_intervention,eurozone,USDC
678,0.8213177967915263,4517849.051923331,586,S6_worst_case_no_intervention,eurozone,USDC
679,0.8174346395664459,4404902.825625247,586,S6_worst_case_no_intervention,eurozone,USDC
680,0.7977538007994599,4294780.254984616,586,S6_worst_case_no_intervention,eurozone,USDC
681,0.7676231610644328,4187410.7486100006,586,S6_worst_case_no_intervention,eurozone,USDC
682,0.7647363148876761,4082725.4798947508,586,S6_worst_case_no_intervention,eurozone,USDC
683,0.7830886167185674,3980657.342897382,586,S6_worst_case_no_intervention,eurozone,USDC
684,0.7794140735561897,3881140.9093249477,586,S6_worst_case_no_intervention,eurozone,USDC
685,0.784063456301608,3784112.386591824,586,S6_worst_case_no_intervention,eurozone,USDC
686,0.7944024099629778,3689509.576927028,586,S6_worst_case_no_intervention,eurozone,USDC
687,0.7982569929160124,3597271.8375038523,586,S6_worst_case_no_intervention,eurozone,USDC
688,0.7969352470077461,3507340.0415662555,586,S6_worst_case_no_intervention,eurozone,USDC
689,0.7789554893295615,3419656.5405270997,586,S6_worst_case_no_intervention,eurozone,USDC
690,0.7728244240110107,3334165.1270139217,586,S6_worst_case_no_intervention,eurozone,USDC
691,0.7642949198221597,3250810.9988385737,586,S6_worst_case_no_intervention,eurozone,USDC
692,0.7667493177197388,3169540.723867609,586,S6_worst_case_no_intervention,eurozone,USDC
693,0.7729880262524408,3090302.205770919,586,S6_worst_case_no_intervention,eurozone,USDC
694,0.7488155489990108,3013044.650626646,586,S6_worst_case_no_intervention,eurozone,USDC
695,0.7458693819683263,2937718.5343609797,586,S6_worst_case_no_intervention,eurozone,USDC
696,0.7626168650185448,2864275.5710019553,586,S6_worst_case_no_intervention,eurozone,USDC
697,0.785085621131648,2792668.6817269064,586,S6_worst_case_no_intervention,eurozone,USDC
698,0.7936778703417892,2722851.9646837334,586,S6_worst_case_no_intervention,eurozone,USDC
699,0.8126997890026044,2654780.66556664,586,S6_worst_case_no_intervention,eurozone,USDC
700,0.8245170262682364,2588411.1489274744,586,S6_worst_case_no_intervention,eurozone,USDC
701,0.8310833848499228,2523700.870204287,586,S6_worst_case_no_intervention,eurozone,USDC
702,0.7852956864349928,2460608.34844918,586,S6_worst_case_no_intervention,eurozone,USDC
703,0.7784108312303207,2399093.1397379506,586,S6_worst_case_no_intervention,eurozone,USDC
704,0.7882553357684515,2339115.8112445017,586,S6_worst_case_no_intervention,eurozone,USDC
705,0.7820709835276167,2280637.9159633894,586,S6_worst_case_no_intervention,eurozone,USDC
706,0.7830665958101657,2223621.9680643044,586,S6_worst_case_no_intervention,eurozone,USDC
707,0.7728997432198546,2168031.4188626967,586,S6_worst_case_no_intervention,eurozone,USDC
708,0.7764616907581291,2113830.63339113,586,S6_worst_case_no_intervention,eurozone,USDC
709,0.796188458719957,2060984.8675563512,586,S6_worst_case_no_intervention,eurozone,USDC
710,0.7664038482665969,2009460.2458674423,586,S6_worst_case_no_intervention,eurozone,USDC
711,0.7673805663183706,1959223.7397207567,586,S6_worst_case_no_intervention,eurozone,USDC
712,0.7511305743547853,1910243.1462277374,586,S6_worst_case_no_intervention,eurozone,USDC
713,0.7563818337720422,1862487.067572044,586,S6_worst_case_no_intervention,eurozone,USDC
714,0.7603630523970935,1815924.890882743,586,S6_worst_case_no_intervention,eurozone,USDC
715,0.7539877998156979,1770526.7686106744,586,S6_worst_case_no_intervention,eurozone,USDC
716,0.7580222777539939,1726263.5993954074,586,S6_worst_case_no_intervention,eurozone,USDC
717,0.7736862722577532,1683107.0094105224,586,S6_worst_case_no_intervention,eurozone,USDC
718,0.7825099467292382,1641029.3341752593,586,S6_worst_case_no_intervention,eurozone,USDC
719,0.7753575116567648,1600003.600820878,586,S6_worst_case_no_intervention,eurozone,USDC
720,0.7941659360680599,1560003.510800356,586,S6_worst_case_no_intervention,eurozone,USDC
721,0.7844306400235831,1521003.423030347,586,S6_worst_case_no_intervention,eurozone,USDC
722,0.7827647782956074,1482978.3374545886,586,S6_worst_case_no_intervention,eurozone,USDC
723,0.7768514200027686,1445903.8790182238,586,S6_worst_case_no_intervention,eurozone,USDC
724,0.796478575574712,1409756.2820427683,586,S6_worst_case_no_intervention,eurozone,USDC
725,0.7954383317014907,1374512.3749916991,586,S6_worst_case_no_intervention,eurozone,USDC
726,0.7954667535909419,1340149.5656169066,586,S6_worst_case_no_intervention,eurozone,USDC
727,0.7898165751086622,1306645.8264764838,586,S6_worst_case_no_intervention,eurozone,USDC
728,0.8024112825591909,1273979.680814572,586,S6_worst_case_no_intervention,eurozone,USDC
729,0.8044674794602727,1242130.1887942075,586,S6_worst_case_no_intervention,eurozone,USDC
730,0.7952398773164734,1211076.9340743525,586,S6_worst_case_no_intervention,eurozone,USDC
731,0.8212100403696032,1180800.0107224935,586,S6_worst_case_no_intervention,eurozone,USDC
732,0.7942080604150524,1151280.0104544312,586,S6_worst_case_no_intervention,eurozone,USDC
733,0.8102284696256041,1122498.0101930704,586,S6_worst_case_no_intervention,eurozone,USDC
734,0.8270791573571352,1094435.5599382436,586,S6_worst_case_no_intervention,eurozone,USDC
735,0.8135931213945466,1067074.6709397875,586,S6_worst_case_no_intervention,eurozone,USDC
736,0.8245822538985351,1040397.804166293,586,S6_worst_case_no_intervention,eurozone,USDC
737,0.8228878519524632,1014387.8590621356,586,S6_worst_case_no_intervention,eurozone,USDC
738,0.7996788214782514,989028.1625855822,586,S6_worst_case_no_intervention,eurozone,USDC
739,0.7679316789686023,964302.4585209427,586,S6_worst_case_no_intervention,eurozone,USDC
740,0.7676788342098535,940194.8970579192,586,S6_worst_case_no_intervention,eurozone,USDC
741,0.7688773718450389,916690.0246314711,586,S6_worst_case_no_intervention,eurozone,USDC
742,0.7902916062062455,893772.7740156844,586,S6_worst_case_no_intervention,eurozone,USDC
743,0.7948901796839398,871428.4546652922,586,S6_worst_case_no_intervention,eurozone,USDC
744,0.791527327474003,849642.7432986599,586,S6_worst_case_no_intervention,eurozone,USDC
745,0.7754839990393476,828401.6747161935,586,S6_worst_case_no_intervention,eurozone,USDC
746,0.7699248160419584,807691.6328482886,586,S6_worst_case_no_intervention,eurozone,USDC
747,0.779841732349559,787499.3420270814,586,S6_worst_case_no_intervention,eurozone,USDC
748,0.796721495391264,767811.8584764044,586,S6_worst_case_no_intervention,eurozone,USDC
749,0.7929986647122764,748616.5620144943,586,S6_worst_case_no_intervention,eurozone,USDC
750,0.8032514353761048,729901.147964132,586,S6_worst_case_no_intervention,eurozone,USDC
751,0.7861860802671482,711653.6192650286,586,S6_worst_case_no_intervention,eurozone,USDC
752,0.8028699218270403,693862.278783403,586,S6_worst_case_no_intervention,eurozone,USDC
753,0.8052105653176919,676515.7218138179,586,S6_worst_case_no_intervention,eurozone,USDC
754,0.7873953089941016,659602.8287684724,586,S6_worst_case_no_intervention,eurozone,USDC
755,0.8051218322453861,643112.7580492606,586,S6_worst_case_no_intervention,eurozone,USDC
756,0.7975173517852012,627034.9390980292,586,S6_worst_case_no_intervention,eurozone,USDC
757,0.7972761308470029,611359.0656205784,586,S6_worst_case_no_intervention,eurozone,USDC
758,0.7969713650667725,596075.0889800639,586,S6_worst_case_no_intervention,eurozone,USDC
759,0.8346844125994796,581173.2117555623,586,S6_worst_case_no_intervention,eurozone,USDC
760,0.8137105877439181,566643.8814616732,586,S6_worst_case_no_intervention,eurozone,USDC
761,0.773864453885798,552477.7844251314,586,S6_worst_case_no_intervention,eurozone,USDC
762,0.7677343234205027,538665.8398145032,586,S6_worst_case_no_intervention,eurozone,USDC
763,0.7680545479253816,525199.1938191405,586,S6_worst_case_no_intervention,eurozone,USDC
764,0.7530512867866075,512069.21397366206,586,S6_worst_case_no_intervention,eurozone,USDC
765,0.7445478631410776,499267.4836243205,586,S6_worst_case_no_intervention,eurozone,USDC
766,0.7768379687807129,486785.79653371254,586,S6_worst_case_no_intervention,eurozone,USDC
767,0.7745151355104587,474616.15162036975,586,S6_worst_case_no_intervention,eurozone,USDC
768,0.7774524382791088,462750.7478298605,586,S6_worst_case_no_intervention,eurozone,USDC
769,0.7995285567985746,451181.979134114,586,S6_worst_case_no_intervention,eurozone,USDC
770,0.7904897210742171,439902.4296557611,586,S6_worst_case_no_intervention,eurozone,USDC
771,0.7984888308037876,428904.8689143671,586,S6_worst_case_no_intervention,eurozone,USDC
772,0.7931404764801135,418182.24719150795,586,S6_worst_case_no_intervention,eurozone,USDC
773,0.798839675632087,407727.6910117202,586,S6_worst_case_no_intervention,eurozone,USDC
774,0.770952081725972,397534.49873642717,586,S6_worst_case_no_intervention,eurozone,USDC
775,0.7696185570699721,387596.13626801653,586,S6_worst_case_no_intervention,eurozone,USDC
776,0.7629445523166102,377906.2328613161,586,S6_worst_case_no_intervention,eurozone,USDC
777,0.7739983220180745,368458.57703978324,586,S6_worst_case_no_intervention,eurozone,USDC
778,0.7944043756214191,359247.11261378863,586,S6_worst_case_no_intervention,eurozone,USDC
779,0.808033882142195,350265.9347984439,586,S6_worst_case_no_intervention,eurozone,USDC
780,0.8027838226528202,341509.28642848285,586,S6_worst_case_no_intervention,eurozone,USDC
781,0.7868254049998474,332971.5542677707,586,S6_worst_case_no_intervention,eurozone,USDC
782,0.7973317467465302,324647.2654110765,586,S6_worst_case_no_intervention,eurozone,USDC
783,0.7871994093944896,316531.0837757996,586,S6_worst_case_no_intervention,eurozone,USDC
784,0.7841523127638775,308617.8066814046,586,S6_worst_case_no_intervention,eurozone,USDC
785,0.8064960905958691,300902.36151436943,586,S6_worst_case_no_intervention,eurozone,USDC
786,0.8179068791765536,293379.80247651023,586,S6_worst_case_no_intervention,eurozone,USDC
787,0.8262326420054218,286045.3074145975,586,S6_worst_case_no_intervention,eurozone,USDC
788,0.7981238704576692,278894.1747292325,586,S6_worst_case_no_intervention,eurozone,USDC
789,0.8164799788029125,271921.8203610017,586,S6_worst_case_no_intervention,eurozone,USDC
790,0.807377276398921,265123.77485197666,586,S6_worst_case_no_intervention,eurozone,USDC
791,0.814283444896957,258495.68048067729,586,S6_worst_case_no_intervention,eurozone,USDC
792,0.8074245857553917,252033.28846866035,586,S6_worst_case_no_intervention,eurozone,USDC
793,0.7931935728428283,245732.4562569438,586,S6_worst_case_no_intervention,eurozone,USDC
794,0.7746984234844153,239589.14485052024,586,S6_worst_case_no_intervention,eurozone,USDC
795,0.7293440660932772,233599.41622925724,586,S6_worst_case_no_intervention,eurozone,USDC
796,0.7203328318792872,227759.43082352582,586,S6_worst_case_no_intervention,eurozone,USDC
797,0.7095108034250956,222065.44505293766,586,S6_worst_case_no_intervention,eurozone,USDC
798,0.7226756086492683,216513.80892661423,586,S6_worst_case_no_intervention,eurozone,USDC
799,0.7162348664940814,211100.96370344886,586,S6_worst_case_no_intervention,eurozone,USDC
800,0.7273956493381876,205823.43961086264,586,S6_worst_case_no_intervention,eurozone,USDC
801,0.7723400540825186,200677.8536205911,586,S6_worst_case_no_intervention,eurozone,USDC
802,0.794531545743753,195660.9072800763,586,S6_worst_case_no_intervention,eurozone,USDC
803,0.7774350805313353,190769.3845980744,586,S6_worst_case_no_intervention,eurozone,USDC
804,0.8044603657838656,186000.14998312254,586,S6_worst_case_no_intervention,eurozone,USDC
805,0.8110948165096444,181350.14623354445,586,S6_worst_case_no_intervention,eurozone,USDC
806,0.7787130442098943,176816.39257770585,586,S6_worst_case_no_intervention,eurozone,USDC
807,0.7805943300720283,172395.9827632632,586,S6_worst_case_no_intervention,eurozone,USDC
808,0.7559622526656881,168086.0831941816,586,S6_worst_case_no_intervention,eurozone,USDC
809,0.7368229161264374,163883.93111432708,586,S6_worst_case_no_intervention,eurozone,USDC
810,0.755819786835968,159786.8328364689,586,S6_worst_case_no_intervention,eurozone,USDC
811,0.7576839054703158,155792.16201555717,586,S6_worst_case_no_intervention,eurozone,USDC
812,0.7583396385457191,151897.35796516825,586,S6_worst_case_no_intervention,eurozone,USDC
813,0.771681286930271,148099.92401603906,586,S6_worst_case_no_intervention,eurozone,USDC
814,0.7656862600664488,144397.4259156381,586,S6_worst_case_no_intervention,eurozone,USDC
815,0.7462832959594318,140787.49026774714,586,S6_worst_case_no_intervention,eurozone,USDC
816,0.7709104753322479,137267.80301105345,586,S6_worst_case_no_intervention,eurozone,USDC
817,0.7770763225529436,133836.1079357771,586,S6_worst_case_no_intervention,eurozone,USDC
818,0.7705688617500578,130490.20523738269,586,S6_worst_case_no_intervention,eurozone,USDC
819,0.781033677096557,127227.95010644814,586,S6_worst_case_no_intervention,eurozone,USDC
820,0.7940641627027442,124047.25135378694,586,S6_worst_case_no_intervention,eurozone,USDC
821,0.7965897637569659,120946.07006994226,586,S6_worst_case_no_intervention,eurozone,USDC
822,0.7861379581974802,117922.4183181937,586,S6_worst_case_no_intervention,eurozone,USDC
823,0.7910188497334352,114974.35786023887,586,S6_worst_case_no_intervention,eurozone,USDC
824,0.7920384189269867,112099.99891373291,586,S6_worst_case_no_intervention,eurozone,USDC
825,0.7789095575761519,109297.49894088958,586,S6_worst_case_no_intervention,eurozone,USDC
826,0.7829920516538036,106565.06146736734,586,S6_worst_case_no_intervention,eurozone,USDC
827,0.778878945910702,103900.93493068316,586,S6_worst_case_no_intervention,eurozone,USDC
828,0.7659118345807908,101303.41155741608,586,S6_worst_case_no_intervention,eurozone,USDC
829,0.7799990188572798,98770.82626848065,586,S6_worst_case_no_intervention,eurozone,USDC
830,0.7750013784127902,96301.55561176865,586,S6_worst_case_no_intervention,eurozone,USDC
831,0.7444380006919752,93894.01672147444,586,S6_worst_case_no_intervention,eurozone,USDC
832,0.7381319075375057,91546.66630343758,586,S6_worst_case_no_intervention,eurozone,USDC
833,0.7580371211473332,89257.99964585163,586,S6_worst_case_no_intervention,eurozone,USDC
834,0.7647770832790373,87026.54965470535,586,S6_worst_case_no_intervention,eurozone,USDC
835,0.7908271435641449,84850.88591333771,586,S6_worst_case_no_intervention,eurozone,USDC
836,0.7681843451901664,82729.61376550427,586,S6_worst_case_no_intervention,eurozone,USDC
837,0.7745928865031687,80661.37342136665,586,S6_worst_case_no_intervention,eurozone,USDC
838,0.7627629570170158,78644.8390858325,586,S6_worst_case_no_intervention,eurozone,USDC
839,0.7822906918454081,76678.71810868668,586,S6_worst_case_no_intervention,eurozone,USDC
840,0.807059191130937,74761.75015596951,586,S6_worst_case_no_intervention,eurozone,USDC
841,0.7945848876950937,72892.70640207027,586,S6_worst_case_no_intervention,eurozone,USDC
842,0.782497838851639,71070.3887420185,586,S6_worst_case_no_intervention,eurozone,USDC
843,0.7655282595086079,69293.62902346803,586,S6_worst_case_no_intervention,eurozone,USDC
844,0.7584387076768531,67561.28829788134,586,S6_worst_case_no_intervention,eurozone,USDC
845,0.7701737155183123,65872.25609043431,586,S6_worst_case_no_intervention,eurozone,USDC
846,0.7836791318323053,64225.44968817346,586,S6_worst_case_no_intervention,eurozone,USDC
847,0.7640549350278977,62619.81344596912,586,S6_worst_case_no_intervention,eurozone,USDC
848,0.7584842255783066,61054.31810981989,586,S6_worst_case_no_intervention,eurozone,USDC
849,0.7652961883443826,59527.96015707439,586,S6_worst_case_no_intervention,eurozone,USDC
850,0.7639440506498459,58039.76115314753,586,S6_worst_case_no_intervention,eurozone,USDC
851,0.7492769051520884,56588.76712431884,586,S6_worst_case_no_intervention,eurozone,USDC
852,0.7407329952237223,55174.04794621087,586,S6_worst_case_no_intervention,eurozone,USDC
853,0.7520759968340758,53794.6967475556,586,S6_worst_case_no_intervention,eurozone,USDC
854,0.7614091161743323,52449.82932886671,586,S6_worst_case_no_intervention,eurozone,USDC
855,0.7713613373683539,51138.58359564505,586,S6_worst_case_no_intervention,eurozone,USDC
856,0.7954779773932534,49860.11900575391,586,S6_worst_case_no_intervention,eurozone,USDC
857,0.7762175573520279,48613.616030610065,586,S6_worst_case_no_intervention,eurozone,USDC
858,0.7648501584378868,47398.275629844815,586,S6_worst_case_no_intervention,eurozone,USDC
859,0.7696934979922124,46213.31873909869,586,S6_worst_case_no_intervention,eurozone,USDC
860,0.7694945091541225,45057.98577062123,586,S6_worst_case_no_intervention,eurozone,USDC
861,0.7837653111072055,43931.5361263557,586,S6_worst_case_no_intervention,eurozone,USDC
862,0.7919779928503715,42833.24772319681,586,S6_worst_case_no_intervention,eurozone,USDC
863,0.7958574840979221,41762.41653011688,586,S6_worst_case_no_intervention,eurozone,USDC
864,0.8014997879516956,40718.356116863964,586,S6_worst_case_no_intervention,eurozone,USDC
865,0.7883533026960384,39700.397213942364,586,S6_worst_case_no_intervention,eurozone,USDC
866,0.7742182850464152,38707.8872835938,586,S6_worst_case_no_intervention,eurozone,USDC
867,0.7949575533271318,37740.19010150396,586,S6_worst_case_no_intervention,eurozone,USDC
868,0.7874472932791126,36796.685348966355,586,S6_worst_case_no_intervention,eurozone,USDC
869,0.7906101784500756,35876.7682152422,586,S6_worst_case_no_intervention,eurozone,USDC
870,0.7960302638272788,34979.849009861144,586,S6_worst_case_no_intervention,eurozone,USDC
871,0.7881315745933252,34105.35278461462,586,S6_worst_case_no_intervention,eurozone,USDC
872,0.8139673594412077,33252.71896499925,586,S6_worst_case_no_intervention,eurozone,USDC
873,0.8238364318182585,32421.400990874274,586,S6_worst_case_no_intervention,eurozone,USDC
874,0.8498023641769865,31610.865966102418,586,S6_worst_case_no_intervention,eurozone,USDC
875,0.8324641181765079,30820.594316949857,586,S6_worst_case_no_intervention,eurozone,USDC
876,0.812142871990976,30050.07945902611,586,S6_worst_case_no_intervention,eurozone,USDC
877,0.8092148744564905,29298.827472550453,586,S6_worst_case_no_intervention,eurozone,USDC
878,0.7859208822273537,28566.35678573669,586,S6_worst_case_no_intervention,eurozone,USDC
879,0.7793808232001875,27852.197866093276,586,S6_worst_case_no_intervention,eurozone,USDC
880,0.7846925931874095,27155.89291944094,586,S6_worst_case_no_intervention,eurozone,USDC
881,0.7701019469557531,26476.99559645492,586,S6_worst_case_no_intervention,eurozone,USDC
882,0.7670495700370644,25815.07070654355,586,S6_worst_case_no_intervention,eurozone,USDC
883,0.7666055882536039,25169.69393887996,586,S6_worst_case_no_intervention,eurozone,USDC
884,0.7531801581760741,24540.45159040796,586,S6_worst_case_no_intervention,eurozone,USDC
885,0.7540289986400648,23926.94030064776,586,S6_worst_case_no_intervention,eurozone,USDC
886,0.7563048790443999,23328.766793131566,586,S6_worst_case_no_intervention,eurozone,USDC
887,0.7735753209949584,22745.547623303275,586,S6_worst_case_no_intervention,eurozone,USDC
888,0.810884444430679,22176.908932720697,586,S6_worst_case_no_intervention,eurozone,USDC
889,0.8428756409898701,21622.486209402676,586,S6_worst_case_no_intervention,eurozone,USDC
890,0.8161304532611038,21081.924054167608,586,S6_worst_case_no_intervention,eurozone,USDC
891,0.816734779059107,20554.875952813418,586,S6_worst_case_no_intervention,eurozone,USDC
892,0.789929132275481,20041.00405399308,586,S6_worst_case_no_intervention,eurozone,USDC
893,0.7849742528278384,19539.978952643254,586,S6_worst_case_no_intervention,eurozone,USDC
894,0.7625377689022972,19051.479478827176,586,S6_worst_case_no_intervention,eurozone,USDC
895,0.7811440560404531,18575.192491856495,586,S6_worst_case_no_intervention,eurozone,USDC
896,0.7868562810560334,18110.81267956008,586,S6_worst_case_no_intervention,eurozone,USDC
897,0.7782388941102634,17658.04236257108,586,S6_worst_case_no_intervention,eurozone,USDC
898,0.7855920818484668,17216.5913035068,586,S6_worst_case_no_intervention,eurozone,USDC
899,0.7920203820105398,16786.176520919133,586,S6_worst_case_no_intervention,eurozone,USDC
900,0.8024360753508971,16366.522107896155,586,S6_worst_case_no_intervention,eurozone,USDC
901,0.7916328280181371,15957.35905519875,586,S6_worst_case_no_intervention,eurozone,USDC
902,0.7836757968007224,15558.425078818782,586,S6_worst_case_no_intervention,eurozone,USDC
903,0.7448996571418146,15169.464451848315,586,S6_worst_case_no_intervention,eurozone,USDC
904,0.728520200787073,14790.227840552103,586,S6_worst_case_no_intervention,eurozone,USDC
905,0.7308907995628009,14420.472144538302,586,S6_worst_case_no_intervention,eurozone,USDC
906,0.7241114769424819,14059.960340924843,586,S6_worst_case_no_intervention,eurozone,USDC
907,0.7312994196209475,13708.461332401723,586,S6_worst_case_no_intervention,eurozone,USDC
908,0.7504982101939847,13365.74979909168,586,S6_worst_case_no_intervention,eurozone,USDC
909,0.7445450074840709,13031.606054114387,586,S6_worst_case_no_intervention,eurozone,USDC
910,0.7359736264430259,12705.81590276153,586,S6_worst_case_no_intervention,eurozone,USDC
911,0.7221034654351824,12388.17050519249,586,S6_worst_case_no_intervention,eurozone,USDC
912,0.7311275347447715,12078.466242562678,586,S6_worst_case_no_intervention,eurozone,USDC
913,0.7553571049444207,11776.504586498611,586,S6_worst_case_no_intervention,eurozone,USDC
914,0.7737479327370297,11482.091971836147,586,S6_worst_case_no_intervention,eurozone,USDC
915,0.796294082548245,11195.039672540242,586,S6_worst_case_no_intervention,eurozone,USDC
916,0.8023395592412652,10915.163680726737,586,S6_worst_case_no_intervention,eurozone,USDC
917,0.7669494292765472,10642.284588708568,586,S6_worst_case_no_intervention,eurozone,USDC
918,0.7649649504287989,10376.227473990853,586,S6_worst_case_no_intervention,eurozone,USDC
919,0.7414953066274523,10116.821787141083,586,S6_worst_case_no_intervention,eurozone,USDC
920,0.7305838221760215,9863.901242462554,586,S6_worst_case_no_intervention,eurozone,USDC
921,0.7485087973167487,9617.303711400993,586,S6_worst_case_no_intervention,eurozone,USDC
922,0.7606905421554196,9376.871118615967,586,S6_worst_case_no_intervention,eurozone,USDC
923,0.7561374650543182,9142.449340650566,586,S6_worst_case_no_intervention,eurozone,USDC
924,0.7584527728338761,8913.888107134302,586,S6_worst_case_no_intervention,eurozone,USDC
925,0.7631406692598267,8691.040904455946,586,S6_worst_case_no_intervention,eurozone,USDC
926,0.7841318217689396,8473.764881844547,586,S6_worst_case_no_intervention,eurozone,USDC
927,0.7633451378483836,8261.920759798435,586,S6_worst_case_no_intervention,eurozone,USDC
928,0.6626781108388291,8055.372740803473,586,S6_worst_case_no_intervention,eurozone,USDC
929,0.6600986349930842,7853.988422283386,586,S6_worst_case_no_intervention,eurozone,USDC
930,0.6916461157217213,7657.638711726302,586,S6_worst_case_no_intervention,eurozone,USDC
931,0.6954195006398958,7466.197743933144,586,S6_worst_case_no_intervention,eurozone,USDC
932,0.7300707788420083,7279.542800334816,586,S6_worst_case_no_intervention,eurozone,USDC
933,0.7371068810324174,7097.554230326446,586,S6_worst_case_no_intervention,eurozone,USDC
934,0.7137972711593188,6920.115374568284,586,S6_worst_case_no_intervention,eurozone,USDC
935,0.7525415829198913,6747.112490204077,586,S6_worst_case_no_intervention,eurozone,USDC
936,0.770479174420024,6578.434677948975,586,S6_worst_case_no_intervention,eurozone,USDC
937,0.755467830454199,6413.973811000252,586,S6_worst_case_no_intervention,eurozone,USDC
938,0.762275577969148,6253.6244657252455,586,S6_worst_case_no_intervention,eurozone,USDC
939,0.7527051671427011,6097.283854082114,586,S6_worst_case_no_intervention,eurozone,USDC
940,0.7596761561278904,5944.851757730061,586,S6_worst_case_no_intervention,eurozone,USDC
941,0.7397275114199103,5796.230463786809,586,S6_worst_case_no_intervention,eurozone,USDC
942,0.7437958923627418,5651.32470219214,586,S6_worst_case_no_intervention,eurozone,USDC
943,0.7403456820977273,5510.041584637335,586,S6_worst_case_no_intervention,eurozone,USDC
944,0.7470683877333518,5372.290545021402,586,S6_worst_case_no_intervention,eurozone,USDC
945,0.7839365825777956,5237.983281395867,586,S6_worst_case_no_intervention,eurozone,USDC
946,0.7901061079637645,5107.03369936097,586,S6_worst_case_no_intervention,eurozone,USDC
947,0.7765765521664737,4979.357856876946,586,S6_worst_case_no_intervention,eurozone,USDC
948,0.7987384202906871,4854.873910455022,586,S6_worst_case_no_intervention,eurozone,USDC
949,0.8154543397669359,4733.5020626936475,586,S6_worst_case_no_intervention,eurozone,USDC
950,0.8250603298420441,4615.164511126306,586,S6_worst_case_no_intervention,eurozone,USDC
951,0.8186235659742693,4499.785398348148,586,S6_worst_case_no_intervention,eurozone,USDC
952,0.7921370807667062,4387.290763389444,586,S6_worst_case_no_intervention,eurozone,USDC
953,0.7935485608050724,4277.608494304708,586,S6_worst_case_no_intervention,eurozone,USDC
954,0.7740648403707507,4170.66828194709,586,S6_worst_case_no_intervention,eurozone,USDC
955,0.7912328809410609,4066.401574898413,586,S6_worst_case_no_intervention,eurozone,USDC
956,0.8057703296022429,3964.7415355259527,586,S6_worst_case_no_intervention,eurozone,USDC
957,0.7849338457390835,3865.6229971378034,586,S6_worst_case_no_intervention,eurozone,USDC
958,0.7885948534139076,3768.982422209358,586,S6_worst_case_no_intervention,eurozone,USDC
959,0.8130080222691741,3674.757861654124,586,S6_worst_case_no_intervention,eurozone,USDC
960,0.8423536646732847,3582.8889151127714,586,S6_worst_case_no_intervention,eurozone,USDC
961,0.8543281657355883,3493.316692234952,586,S6_worst_case_no_intervention,eurozone,USDC
962,0.824582214102507,3405.983774929078,586,S6_worst_case_no_intervention,eurozone,USDC
963,0.8446617387589772,3320.834180555851,586,S6_worst_case_no_intervention,eurozone,USDC
964,0.8459357466303637,3237.813326041955,586,S6_worst_case_no_intervention,eurozone,USDC
965,0.8255071016214112,3156.867992890906,586,S6_worst_case_no_intervention,eurozone,USDC
966,0.8276649539240649,3077.946293068633,586,S6_worst_case_no_intervention,eurozone,USDC
967,0.8307007783402818,3000.9976357419173,586,S6_worst_case_no_intervention,eurozone,USDC
968,0.8328104410422321,2925.9726948483694,586,S6_worst_case_no_intervention,eurozone,USDC
969,0.8219999086075548,2852.82337747716,586,S6_worst_case_no_intervention,eurozone,USDC
970,0.8029967924937395,2781.502793040231,586,S6_worst_case_no_intervention,eurozone,USDC
971,0.8182145922994738,2711.9652232142253,586,S6_worst_case_no_intervention,eurozone,USDC
972,0.820956098025052,2644.1660926338695,586,S6_worst_case_no_intervention,eurozone,USDC
973,0.8185871350762439,2578.061940318023,586,S6_worst_case_no_intervention,eurozone,USDC
974,0.8190363492356486,2513.6103918100725,586,S6_worst_case_no_intervention,eurozone,USDC
975,0.815257271736066,2450.770132014821,586,S6_worst_case_no_intervention,eurozone,USDC
976,0.7904867815733966,2389.50087871445,586,S6_worst_case_no_intervention,eurozone,USDC
977,0.7920760971405291,2329.7633567465887,586,S6_worst_case_no_intervention,eurozone,USDC
978,0.7981428241935828,2271.5192728279244,586,S6_worst_case_no_intervention,eurozone,USDC
979,0.7867344217561815,2214.731291007226,586,S6_worst_case_no_intervention,eurozone,USDC
980,0.7473067105349802,2159.3630087320453,586,S6_worst_case_no_intervention,eurozone,USDC
981,0.7777506770082517,2105.378933513744,586,S6_worst_case_no_intervention,eurozone,USDC
982,0.7513617020671328,2052.7444601759003,586,S6_worst_case_no_intervention,eurozone,USDC
983,0.7593643647813164,2001.425848671503,586,S6_worst_case_no_intervention,eurozone,USDC
984,0.8201351211339069,1951.3902024547156,586,S6_worst_case_no_intervention,eurozone,USDC
985,0.8108020970114387,1902.6054473933477,586,S6_worst_case_no_intervention,eurozone,USDC
986,0.8306799591762847,1855.040311208514,586,S6_worst_case_no_intervention,eurozone,USDC
987,0.8191504187016382,1808.664303428301,586,S6_worst_case_no_intervention,eurozone,USDC
988,0.800759028093305,1763.4476958425935,586,S6_worst_case_no_intervention,eurozone,USDC
989,0.783224660040805,1719.3615034465288,586,S6_worst_case_no_intervention,eurozone,USDC
990,0.8134203666677792,1676.3774658603656,586,S6_worst_case_no_intervention,eurozone,USDC
991,0.8050969346473831,1634.4680292138567,586,S6_worst_case_no_intervention,eurozone,USDC
992,0.8146505152320763,1593.6063284835102,586,S6_worst_case_no_intervention,eurozone,USDC
993,0.8209412645752359,1553.7661702714227,586,S6_worst_case_no_intervention,eurozone,USDC
994,0.8174272442241245,1514.922016014637,586,S6_worst_case_no_intervention,eurozone,USDC
995,0.8139608109398025,1477.048965614271,586,S6_worst_case_no_intervention,eurozone,USDC
996,0.8334854430106895,1440.1227414739144,586,S6_worst_case_no_intervention,eurozone,USDC
997,0.8238603395305137,1404.1196729370663,586,S6_worst_case_no_intervention,eurozone,USDC
998,0.8311072167176625,1369.0166811136398,586,S6_worst_case_no_intervention,eurozone,USDC
999,0.8352902122644735,1334.7912640857987,586,S6_worst_case_no_intervention,eurozone,USDC
1000,0.8475313049707847,1301.421482483654,586,S6_worst_case_no_intervention,eurozone,USDC
