Step,price,liquidity,iteration,scenario,region,coin
1,0.9894512755470597,2990118025908.55,904,S3_twin_shock,indonesia,USDC
2,0.9874742783328041,2990118025908.55,904,S3_twin_shock,indonesia,USDC
3,0.9852208899785706,2990118025908.55,904,S3_twin_shock,indonesia,USDC
4,1.0001782823813803,2990118025908.55,904,S3_twin_shock,indonesia,USDC
5,0.9779086690832348,2990118025908.55,904,S3_twin_shock,indonesia,USDC
6,0.9610162471494864,2990118025908.55,904,S3_twin_shock,indonesia,USDC
7,0.9602198947759267,2989582424573.905,904,S3_twin_shock,indonesia,USDC
8,0.981120796134072,2989013947279.9316,904,S3_twin_shock,indonesia,USDC
9,0.9683391878333465,2989013947279.9316,904,S3_twin_shock,indonesia,USDC
10,0.9484886408759355,2988929762395.901,904,S3_twin_shock,indonesia,USDC
11,0.9486114553240531,2987666749351.546,904,S3_twin_shock,indonesia,USDC
12,0.9738133692726909,2986397797349.067,904,S3_twin_shock,indonesia,USDC
13,0.9640419716005367,2986397797349.067,904,S3_twin_shock,indonesia,USDC
14,0.9647504181207083,2986061768547.49,904,S3_twin_shock,indonesia,USDC
15,0.9553972467903965,2985759004364.38,904,S3_twin_shock,indonesia,USDC
16,1.0041926930734093,2984933632281.4497,904,S3_twin_shock,indonesia,USDC
17,0.9881558654502501,2984933632281.4497,904,S3_twin_shock,indonesia,USDC
18,0.9957922763467656,2984933632281.4497,904,S3_twin_shock,indonesia,USDC
19,0.98379659512835,2984933632281.4497,904,S3_twin_shock,indonesia,USDC
20,0.9544042663848925,2984933632281.4497,904,S3_twin_shock,indonesia,USDC
21,0.8962172124475215,2984064936735.4497,904,S3_twin_shock,indonesia,USDC
22,0.8582285227005195,2980048324725.159,904,S3_twin_shock,indonesia,USDC
23,0.8556992682821689,2974371924004.1904,904,S3_twin_shock,indonesia,USDC
24,0.8590245028472974,2969268810638.4307,904,S3_twin_shock,indonesia,USDC
25,0.8949311651120572,2964858635960.7446,904,S3_twin_shock,indonesia,USDC
26,0.8922599948656361,2962194360054.908,904,S3_twin_shock,indonesia,USDC
27,0.9083574605261034,2959696569867.735,904,S3_twin_shock,indonesia,USDC
28,0.9014157513198897,2957816882688.7817,904,S3_twin_shock,indonesia,USDC
29,0.9327402414572589,2955858423635.6167,904,S3_twin_shock,indonesia,USDC
30,0.9545960714627775,2954869680332.416,904,S3_twin_shock,indonesia,USDC
31,0.9801141026904564,2954476615676.825,904,S3_twin_shock,indonesia,USDC
32,0.9691954326821404,2954476615676.825,904,S3_twin_shock,indonesia,USDC
33,0.9973705615764549,2954456411424.0034,904,S3_twin_shock,indonesia,USDC
34,1.0514481842237824,2954456411424.0034,904,S3_twin_shock,indonesia,USDC
35,1.05471732662781,2954456411424.0034,904,S3_twin_shock,indonesia,USDC
36,1.0285753903936794,2954456411424.0034,904,S3_twin_shock,indonesia,USDC
37,1.0070068397608014,2954456411424.0034,904,S3_twin_shock,indonesia,USDC
38,1.038119575034556,2954456411424.0034,904,S3_twin_shock,indonesia,USDC
39,1.0397203377643298,2954456411424.0034,904,S3_twin_shock,indonesia,USDC
40,1.0203607210084908,2954456411424.0034,904,S3_twin_shock,indonesia,USDC
41,0.9970350518242026,2954456411424.0034,904,S3_twin_shock,indonesia,USDC
42,0.9787966933325896,2954456411424.0034,904,S3_twin_shock,indonesia,USDC
43,0.9769777031786622,2954456411424.0034,904,S3_twin_shock,indonesia,USDC
44,0.9771548435418346,2954456411424.0034,904,S3_twin_shock,indonesia,USDC
45,0.9553655612321615,2954456411424.0034,904,S3_twin_shock,indonesia,USDC
46,0.9427867782222198,2954099616363.1343,904,S3_twin_shock,indonesia,USDC
47,0.9480077061508647,2953453642713.511,904,S3_twin_shock,indonesia,USDC
48,0.9704776989095986,2952948947390.8506,904,S3_twin_shock,indonesia,USDC
49,0.9405262527707839,2952948947390.8506,904,S3_twin_shock,indonesia,USDC
50,0.9516857542830536,2952255222845.717,904,S3_twin_shock,indonesia,USDC
51,0.9807096354729403,2951848637049.6875,904,S3_twin_shock,indonesia,USDC
52,1.0175149530269187,2951848637049.6875,904,S3_twin_shock,indonesia,USDC
53,0.8931525368919679,2951848637049.6875,904,S3_twin_shock,indonesia,USDC
54,0.8968854278197418,2950127047010.5293,904,S3_twin_shock,indonesia,USDC
55,0.896390293204491,2948689816061.1074,904,S3_twin_shock,indonesia,USDC
56,0.9188895375673922,2947326908260.418,904,S3_twin_shock,indonesia,USDC
57,0.9360603601801049,2946437914771.4365,904,S3_twin_shock,indonesia,USDC
58,0.9526378401594275,2945908200087.757,904,S3_twin_shock,indonesia,USDC
59,0.9532219288966388,2945645992215.959,904,S3_twin_shock,indonesia,USDC
60,0.9639119922934728,2945397652055.9443,904,S3_twin_shock,indonesia,USDC
61,0.9807439077881541,2945309570912.56,904,S3_twin_shock,indonesia,USDC
62,0.9645175282705516,2945309570912.56,904,S3_twin_shock,indonesia,USDC
63,0.9596016750645695,2945239313428.3413,904,S3_twin_shock,indonesia,USDC
64,0.9429733806001648,2945095223044.1025,904,S3_twin_shock,indonesia,USDC
65,0.9521101172541114,2944716558298.292,904,S3_twin_shock,indonesia,USDC
66,0.9577742795854752,2944468954105.7773,904,S3_twin_shock,indonesia,USDC
67,0.9612018200187689,2944316947078.6987,904,S3_twin_shock,indonesia,USDC
68,0.9562407639743536,2944197116624.3804,904,S3_twin_shock,indonesia,USDC
69,0.9434727740087632,2944027960395.0396,904,S3_twin_shock,indonesia,USDC
70,0.9473709056866781,2943674170959.196,904,S3_twin_shock,indonesia,USDC
71,0.9686504118473831,2943370240200.0073,904,S3_twin_shock,indonesia,USDC
72,0.9711081981036872,2943364135253.967,904,S3_twin_shock,indonesia,USDC
73,0.9907295101925817,2943364135253.967,904,S3_twin_shock,indonesia,USDC
74,0.9927547931636576,2943364135253.967,904,S3_twin_shock,indonesia,USDC
75,0.9961540712611946,2943364135253.967,904,S3_twin_shock,indonesia,USDC
76,1.0078816602771135,2943364135253.967,904,S3_twin_shock,indonesia,USDC
77,1.002223428882064,2943364135253.967,904,S3_twin_shock,indonesia,USDC
78,0.9802603358837714,2943364135253.967,904,S3_twin_shock,indonesia,USDC
79,0.9990941390548768,2943364135253.967,904,S3_twin_shock,indonesia,USDC
80,0.9854874227071989,2943364135253.967,904,S3_twin_shock,indonesia,USDC
81,0.9846525911104526,2943364135253.967,904,S3_twin_shock,indonesia,USDC
82,0.9726197235502286,2943364135253.967,904,S3_twin_shock,indonesia,USDC
83,0.9659846056679172,2943364135253.967,904,S3_twin_shock,indonesia,USDC
84,0.9553498194709075,2943324728671.842,904,S3_twin_shock,indonesia,USDC
85,0.9634795357788716,2943155660118.7,904,S3_twin_shock,indonesia,USDC
86,0.9656744978685564,2943076207690.7837,904,S3_twin_shock,indonesia,USDC
87,0.9675516322931778,2943018423522.826,904,S3_twin_shock,indonesia,USDC
88,0.7856186153942463,2943000301586.2153,904,S3_twin_shock,indonesia,USDC
89,0.80327038518029,2940551588363.204,904,S3_twin_shock,indonesia,USDC
90,0.8578465346840783,2938829047941.773,904,S3_twin_shock,indonesia,USDC
91,0.8806279605361492,2937885691025.231,904,S3_twin_shock,indonesia,USDC
92,0.8917898233023964,2937185672342.662,904,S3_twin_shock,indonesia,USDC
93,0.8923273659813538,2936615814738.076,904,S3_twin_shock,indonesia,USDC
94,0.9063513167627067,2936119493620.2837,904,S3_twin_shock,indonesia,USDC
95,0.9318141825070958,2935735250817.8926,904,S3_twin_shock,indonesia,USDC
96,0.9418654262225287,2935527288692.15,904,S3_twin_shock,indonesia,USDC
97,0.9316473986535224,2935375777926.5317,904,S3_twin_shock,indonesia,USDC
98,0.9559914153771608,2935180252756.1816,904,S3_twin_shock,indonesia,USDC
99,0.9668954105397667,2935114816126.391,904,S3_twin_shock,indonesia,USDC
100,0.9781467475133493,2935098823361.19,904,S3_twin_shock,indonesia,USDC
101,0.8503699955350158,2935098823361.19,904,S3_twin_shock,indonesia,USDC
102,0.8791668266364452,2934484542101.913,904,S3_twin_shock,indonesia,USDC
103,0.9118577164838966,2934084673006.455,904,S3_twin_shock,indonesia,USDC
104,0.9234779723946751,2933852916165.8516,904,S3_twin_shock,indonesia,USDC
105,0.9301287218564547,2933678712959.155,904,S3_twin_shock,indonesia,USDC
106,0.9398557993923474,2933532353017.1167,904,S3_twin_shock,indonesia,USDC
107,0.9379258502567599,2933429793959.907,904,S3_twin_shock,indonesia,USDC
108,0.9345608219348299,2933327392961.926,904,S3_twin_shock,indonesia,USDC
109,0.9643343572467128,2933213776491.4536,904,S3_twin_shock,indonesia,USDC
110,0.9756737027649514,2933195694618.4062,904,S3_twin_shock,indonesia,USDC
111,0.9854874409323875,2933195694618.4062,904,S3_twin_shock,indonesia,USDC
112,0.9817538055830236,2933195694618.4062,904,S3_twin_shock,indonesia,USDC
113,1.0088139074756082,2933195694618.4062,904,S3_twin_shock,indonesia,USDC
114,0.9788025005774559,2933195694618.4062,904,S3_twin_shock,indonesia,USDC
115,0.9739069568966627,2933195694618.4062,904,S3_twin_shock,indonesia,USDC
116,0.9893046173915667,2933195694618.4062,904,S3_twin_shock,indonesia,USDC
117,0.9701860813675617,2933195694618.4062,904,S3_twin_shock,indonesia,USDC
118,0.9504139557207726,2933195694618.4062,904,S3_twin_shock,indonesia,USDC
119,0.9516725304825356,2933133550952.8105,904,S3_twin_shock,indonesia,USDC
120,0.9260539712012952,2933084086717.145,904,S3_twin_shock,indonesia,USDC
121,0.9056325388004307,2859633297880.28,904,S3_twin_shock,indonesia,USDC
122,0.9306744475625246,2787958771142.501,904,S3_twin_shock,indonesia,USDC
123,0.9192776193554675,2718161171693.116,904,S3_twin_shock,indonesia,USDC
124,0.8763351651023865,2650077152016.6587,904,S3_twin_shock,indonesia,USDC
125,0.8789882195459545,2583612750468.4424,904,S3_twin_shock,indonesia,USDC
126,0.8862993347591256,2518830290478.566,904,S3_twin_shock,indonesia,USDC
127,0.8755034594698234,2455702593609.583,904,S3_twin_shock,indonesia,USDC
128,0.8622034661532038,2394138996613.502,904,S3_twin_shock,indonesia,USDC
129,0.8440308275440582,2334116651511.368,904,S3_twin_shock,indonesia,USDC
130,0.8126070154648537,2275582596845.708,904,S3_twin_shock,indonesia,USDC
131,0.8291101489521674,2218486423051.032,904,S3_twin_shock,indonesia,USDC
132,0.7971639668567724,2162875620428.8867,904,S3_twin_shock,indonesia,USDC
133,0.8046343202343049,2108640148176.4521,904,S3_twin_shock,indonesia,USDC
134,0.8009429570699054,2055803118442.081,904,S3_twin_shock,indonesia,USDC
135,0.7823949140336646,2004301948990.537,904,S3_twin_shock,indonesia,USDC
136,0.7894807336031368,1954096371898.6663,904,S3_twin_shock,indonesia,USDC
137,0.7808554102401236,1905168721300.7456,904,S3_twin_shock,indonesia,USDC
138,0.7713909630858685,1857474456868.607,904,S3_twin_shock,indonesia,USDC
139,0.778439966832648,1810979564530.545,904,S3_twin_shock,indonesia,USDC
140,0.8017983724736195,1765661190607.5352,904,S3_twin_shock,indonesia,USDC
141,0.7782365554010209,1721487211541.229,904,S3_twin_shock,indonesia,USDC
142,0.7554470565142752,1678419451468.7908,904,S3_twin_shock,indonesia,USDC
143,0.7494332199165838,1636433079556.3513,904,S3_twin_shock,indonesia,USDC
144,0.7468277489319787,1595501187756.3462,904,S3_twin_shock,indonesia,USDC
145,0.7754741346535012,1555596235761.494,904,S3_twin_shock,indonesia,USDC
146,0.7684364079148861,1516694579586.601,904,S3_twin_shock,indonesia,USDC
147,0.7590625977298039,1478767245098.4355,904,S3_twin_shock,indonesia,USDC
148,0.7716134804694695,1441789956479.895,904,S3_twin_shock,indonesia,USDC
149,0.8117418202161575,1405739327362.4775,904,S3_twin_shock,indonesia,USDC
150,0.7888326177816899,1370591924972.2285,904,S3_twin_shock,indonesia,USDC
151,0.7900522351757739,1336323372295.7686,904,S3_twin_shock,indonesia,USDC
152,0.7814331390174717,1302912255230.6687,904,S3_twin_shock,indonesia,USDC
153,0.7744233296989328,1270336860394.4106,904,S3_twin_shock,indonesia,USDC
154,0.7675864303084623,1238576276103.9336,904,S3_twin_shock,indonesia,USDC
155,0.7709515580273536,1207610149841.2007,904,S3_twin_shock,indonesia,USDC
156,0.8009169578787106,1177418518514.5403,904,S3_twin_shock,indonesia,USDC
157,0.7934596688120119,1147982121485.7083,904,S3_twin_shock,indonesia,USDC
158,0.7733901215317548,1119281791711.8386,904,S3_twin_shock,indonesia,USDC
159,0.7853578843075669,1091299000475.3,904,S3_twin_shock,indonesia,USDC
160,0.7982277265236544,1064015975021.8204,904,S3_twin_shock,indonesia,USDC
161,0.7862916965824622,1037415148949.0177,904,S3_twin_shock,indonesia,USDC
162,0.7818958941295657,1011479407658.7683,904,S3_twin_shock,indonesia,USDC
163,0.7672615790423617,986192105128.2645,904,S3_twin_shock,indonesia,USDC
164,0.7476051860704442,961537030638.1523,904,S3_twin_shock,indonesia,USDC
165,0.7314621279903374,937498371124.1458,904,S3_twin_shock,indonesia,USDC
166,0.7560582574870366,914060715256.158,904,S3_twin_shock,indonesia,USDC
167,0.7506511222634449,891209059197.684,904,S3_twin_shock,indonesia,USDC
168,0.7415341012266066,868928721322.5537,904,S3_twin_shock,indonesia,USDC
169,0.7681242232578659,847205414196.8726,904,S3_twin_shock,indonesia,USDC
170,0.7796517837324412,826025213940.293,904,S3_twin_shock,indonesia,USDC
171,0.7937251457482181,805374537937.0109,904,S3_twin_shock,indonesia,USDC
172,0.7734861483639789,785240139366.0378,904,S3_twin_shock,indonesia,USDC
173,0.6905260765644132,765609102899.9646,904,S3_twin_shock,indonesia,USDC
174,0.7119611206349851,746468839078.5063,904,S3_twin_shock,indonesia,USDC
175,0.7016615604952218,727807092825.1785,904,S3_twin_shock,indonesia,USDC
176,0.7157507440988153,709611896782.179,904,S3_twin_shock,indonesia,USDC
177,0.7477550636179293,691871585486.4722,904,S3_twin_shock,indonesia,USDC
178,0.7496264748539109,674574787065.7036,904,S3_twin_shock,indonesia,USDC
179,0.7766365592684268,657710410639.394,904,S3_twin_shock,indonesia,USDC
180,0.7956377769310835,641267645862.8799,904,S3_twin_shock,indonesia,USDC
181,0.7855572708580704,625235951297.4243,904,S3_twin_shock,indonesia,USDC
182,0.7812919773672914,609605049663.7091,904,S3_twin_shock,indonesia,USDC
183,0.7519135912912345,594364920941.7661,904,S3_twin_shock,indonesia,USDC
184,0.775673132072304,579505795609.3871,904,S3_twin_shock,indonesia,USDC
185,0.7808113275760166,565018149216.4473,904,S3_twin_shock,indonesia,USDC
186,0.7612012322560644,550892694249.2852,904,S3_twin_shock,indonesia,USDC
187,0.7458638383673311,537120375833.4868,904,S3_twin_shock,indonesia,USDC
188,0.7342815256964353,523692365511.1221,904,S3_twin_shock,indonesia,USDC
189,0.7687934211691579,510600055587.25916,904,S3_twin_shock,indonesia,USDC
190,0.7869361639868424,497835053699.96265,904,S3_twin_shock,indonesia,USDC
191,0.7628712224633091,485389176995.99066,904,S3_twin_shock,indonesia,USDC
192,0.730231287214088,473254447231.64996,904,S3_twin_shock,indonesia,USDC
193,0.7564618731475877,461423085759.2168,904,S3_twin_shock,indonesia,USDC
194,0.7655937752764557,449887508416.25305,904,S3_twin_shock,indonesia,USDC
195,0.7700241157963499,438640320551.7002,904,S3_twin_shock,indonesia,USDC
196,0.7601425340194427,427674312417.9155,904,S3_twin_shock,indonesia,USDC
197,0.7481229949391383,416982454504.3749,904,S3_twin_shock,indonesia,USDC
198,0.7608995811638887,406557893057.6643,904,S3_twin_shock,indonesia,USDC
199,0.7762018283458328,396393945668.1138,904,S3_twin_shock,indonesia,USDC
200,0.7718884379220152,386484096982.1482,904,S3_twin_shock,indonesia,USDC
201,0.7775523351437917,376821994519.4042,904,S3_twin_shock,indonesia,USDC
202,0.7725007971561425,367401444626.75226,904,S3_twin_shock,indonesia,USDC
203,0.7626102252483897,358216408486.5571,904,S3_twin_shock,indonesia,USDC
204,0.7729380726074518,349260998254.10767,904,S3_twin_shock,indonesia,USDC
205,0.7732544347808814,340529473282.16437,904,S3_twin_shock,indonesia,USDC
206,0.7635972820851062,332016236437.41345,904,S3_twin_shock,indonesia,USDC
207,0.7532139978334902,323715830515.8598,904,S3_twin_shock,indonesia,USDC
208,0.7840522520531854,315622934744.68365,904,S3_twin_shock,indonesia,USDC
209,0.8033328549914126,307732361370.1233,904,S3_twin_shock,indonesia,USDC
210,0.7979591030771792,300039052331.7374,904,S3_twin_shock,indonesia,USDC
211,0.7966006369764945,292538076019.8722,904,S3_twin_shock,indonesia,USDC
212,0.7823176239792364,285224624116.45483,904,S3_twin_shock,indonesia,USDC
213,0.784395978297462,278094008510.9125,904,S3_twin_shock,indonesia,USDC
214,0.7802643428335366,271141658295.96936,904,S3_twin_shock,indonesia,USDC
215,0.7799413569127679,264363116836.6858,904,S3_twin_shock,indonesia,USDC
216,0.7875373929219279,257754038914.33813,904,S3_twin_shock,indonesia,USDC
217,0.7803206075428636,251310187940.2911,904,S3_twin_shock,indonesia,USDC
218,0.8010799729144468,245027433240.8388,904,S3_twin_shock,indonesia,USDC
219,0.8141010363588215,238901747409.13193,904,S3_twin_shock,indonesia,USDC
220,0.7960579148923951,232929203723.37476,904,S3_twin_shock,indonesia,USDC
221,0.8059456300909882,227105973629.75778,904,S3_twin_shock,indonesia,USDC
222,0.7934725251574843,221428324288.62595,904,S3_twin_shock,indonesia,USDC
223,0.7812726111183834,215892616181.05206,904,S3_twin_shock,indonesia,USDC
224,0.7641025827898118,210495300776.19666,904,S3_twin_shock,indonesia,USDC
225,0.7512767358683835,205232918256.50848,904,S3_twin_shock,indonesia,USDC
226,0.7542795588147296,200102095299.85242,904,S3_twin_shock,indonesia,USDC
227,0.7571474189728232,195099542917.17407,904,S3_twin_shock,indonesia,USDC
228,0.7603762087630539,190222054344.1068,904,S3_twin_shock,indonesia,USDC
229,0.7870359760789013,185466502985.399,904,S3_twin_shock,indonesia,USDC
230,0.7786123794812956,180829840410.6882,904,S3_twin_shock,indonesia,USDC
231,0.7748314188801787,176309094400.35754,904,S3_twin_shock,indonesia,USDC
232,0.7699257213179667,171901367040.29712,904,S3_twin_shock,indonesia,USDC
233,0.7703621925275743,167603832864.2469,904,S3_twin_shock,indonesia,USDC
234,0.7775792401567008,163413737042.60635,904,S3_twin_shock,indonesia,USDC
235,0.7728993981262501,159328393616.51337,904,S3_twin_shock,indonesia,USDC
236,0.7792095346695869,155345183776.07715,904,S3_twin_shock,indonesia,USDC
237,0.7904131751041386,151461554181.6572,904,S3_twin_shock,indonesia,USDC
238,0.7759099081611003,147675015327.10242,904,S3_twin_shock,indonesia,USDC
239,0.7639413991098823,143983139943.91302,904,S3_twin_shock,indonesia,USDC
240,0.7500181751378798,140383561445.3053,904,S3_twin_shock,indonesia,USDC
241,0.7286909784701733,136873972409.16423,904,S3_twin_shock,indonesia,USDC
242,0.7435663870340004,133452123098.92807,904,S3_twin_shock,indonesia,USDC
243,0.7375033061194123,130115820021.44977,904,S3_twin_shock,indonesia,USDC
244,0.7613038440205966,126862924520.90923,904,S3_twin_shock,indonesia,USDC
245,0.7911605131360552,123691351407.88373,904,S3_twin_shock,indonesia,USDC
246,0.802028702890657,120599067622.68472,904,S3_twin_shock,indonesia,USDC
247,0.7964880028584378,117584090932.11612,904,S3_twin_shock,indonesia,USDC
248,0.7859991472664032,114644488658.81197,904,S3_twin_shock,indonesia,USDC
249,0.7641016871607073,111778376442.3405,904,S3_twin_shock,indonesia,USDC
250,0.7762544527236517,108983917031.28094,904,S3_twin_shock,indonesia,USDC
251,0.749702481977746,106259319105.49811,904,S3_twin_shock,indonesia,USDC
252,0.7582570747478494,103602836127.85991,904,S3_twin_shock,indonesia,USDC
253,0.7721504958924039,101012765224.6629,904,S3_twin_shock,indonesia,USDC
254,0.7853482504399065,98487446094.04593,904,S3_twin_shock,indonesia,USDC
255,0.7789669618398684,96025259941.69447,904,S3_twin_shock,indonesia,USDC
256,0.7780038073481335,93624628443.15187,904,S3_twin_shock,indonesia,USDC
257,0.7949865685593182,91284012732.07288,904,S3_twin_shock,indonesia,USDC
258,0.8016138305473491,89001912413.77092,904,S3_twin_shock,indonesia,USDC
259,0.7970873574664489,86776864603.42653,904,S3_twin_shock,indonesia,USDC
260,0.7985961386956889,84607442988.34077,904,S3_twin_shock,indonesia,USDC
261,0.7876020330913694,82492256913.63217,904,S3_twin_shock,indonesia,USDC
262,0.6638166669998655,80429950490.79129,904,S3_twin_shock,indonesia,USDC
263,0.6600877710639551,78419201728.52142,904,S3_twin_shock,indonesia,USDC
264,0.6717269645542959,76458721685.30832,904,S3_twin_shock,indonesia,USDC
265,0.7095980066931782,74547253643.17555,904,S3_twin_shock,indonesia,USDC
266,0.7035384912370881,72683572302.09615,904,S3_twin_shock,indonesia,USDC
267,0.7156124904310617,70866482994.54372,904,S3_twin_shock,indonesia,USDC
268,0.7173183418179714,69094820919.6801,904,S3_twin_shock,indonesia,USDC
269,0.7349236997971997,67367450396.688095,904,S3_twin_shock,indonesia,USDC
270,0.7284429568396846,65683264136.770874,904,S3_twin_shock,indonesia,USDC
271,0.7418354333580902,64041182533.35159,904,S3_twin_shock,indonesia,USDC
272,0.7502777352175737,62440152970.017815,904,S3_twin_shock,indonesia,USDC
273,0.7578365051813079,60879149145.767365,904,S3_twin_shock,indonesia,USDC
274,0.7515030497095663,59357170417.123184,904,S3_twin_shock,indonesia,USDC
275,0.7381213106191337,57873241156.69511,904,S3_twin_shock,indonesia,USDC
276,0.7408354771516648,56426410127.777725,904,S3_twin_shock,indonesia,USDC
277,0.7454848013119898,55015749874.58328,904,S3_twin_shock,indonesia,USDC
278,0.7564346011412031,53640356127.7187,904,S3_twin_shock,indonesia,USDC
279,0.7464506744540335,52299347224.52574,904,S3_twin_shock,indonesia,USDC
280,0.7514795655473147,50991863543.91259,904,S3_twin_shock,indonesia,USDC
281,0.7608037836092449,49717066955.31478,904,S3_twin_shock,indonesia,USDC
282,0.7705765842274331,48474140281.43191,904,S3_twin_shock,indonesia,USDC
283,0.7804916373929156,47262286774.39611,904,S3_twin_shock,indonesia,USDC
284,0.784843790188473,46080729605.03621,904,S3_twin_shock,indonesia,USDC
285,0.7737581100707072,44928711364.9103,904,S3_twin_shock,indonesia,USDC
286,0.8108443239809109,43805493580.787544,904,S3_twin_shock,indonesia,USDC
287,0.8001401189552585,42710356241.26785,904,S3_twin_shock,indonesia,USDC
288,0.787737665055424,41642597335.23616,904,S3_twin_shock,indonesia,USDC
289,0.7854976933525718,40601532401.855255,904,S3_twin_shock,indonesia,USDC
290,0.7622937868007891,39586494091.80887,904,S3_twin_shock,indonesia,USDC
291,0.7752437951484871,38596831739.51365,904,S3_twin_shock,indonesia,USDC
292,0.7675693395952055,37631910946.0258,904,S3_twin_shock,indonesia,USDC
293,0.8047785628848386,36691113172.37516,904,S3_twin_shock,indonesia,USDC
294,0.8356128628841032,35773835343.06578,904,S3_twin_shock,indonesia,USDC
295,0.8682137417859507,34879489459.489136,904,S3_twin_shock,indonesia,USDC
296,0.846289075027962,34007502223.001907,904,S3_twin_shock,indonesia,USDC
297,0.836980970883875,33157314667.426857,904,S3_twin_shock,indonesia,USDC
298,0.8248228113967584,32328381800.74119,904,S3_twin_shock,indonesia,USDC
299,0.8249450514436737,31520172255.722656,904,S3_twin_shock,indonesia,USDC
300,0.844847450346072,30732167949.32959,904,S3_twin_shock,indonesia,USDC
301,0.8254442973772161,29963863750.59635,904,S3_twin_shock,indonesia,USDC
302,0.8196765948677348,29214767156.83144,904,S3_twin_shock,indonesia,USDC
303,0.8006694434719933,28484397977.910656,904,S3_twin_shock,indonesia,USDC
304,0.7813864053431174,27772288028.46289,904,S3_twin_shock,indonesia,USDC
305,0.7714230717425198,27077980827.75132,904,S3_twin_shock,indonesia,USDC
306,0.7864111363684734,26401031307.057533,904,S3_twin_shock,indonesia,USDC
307,0.7829630477672368,25741005524.381096,904,S3_twin_shock,indonesia,USDC
308,0.7897320671630897,25097480386.27157,904,S3_twin_shock,indonesia,USDC
309,0.7965194709483704,24470043376.61478,904,S3_twin_shock,indonesia,USDC
310,0.7918114273075657,23858292292.19941,904,S3_twin_shock,indonesia,USDC
311,0.7660510670583167,23261834984.894424,904,S3_twin_shock,indonesia,USDC
312,0.766432330219654,22680289110.272064,904,S3_twin_shock,indonesia,USDC
313,0.7705474982913054,22113281882.515263,904,S3_twin_shock,indonesia,USDC
314,0.7885028391651692,21560449835.45238,904,S3_twin_shock,indonesia,USDC
315,0.7596835842846745,21021438589.56607,904,S3_twin_shock,indonesia,USDC
316,0.7773527299597316,20495902624.82692,904,S3_twin_shock,indonesia,USDC
317,0.7865089996519093,19983505059.20625,904,S3_twin_shock,indonesia,USDC
318,0.7818140523344136,19483917432.726093,904,S3_twin_shock,indonesia,USDC
319,0.7888170322631121,18996819496.90794,904,S3_twin_shock,indonesia,USDC
320,0.7710096967882502,18521899009.48524,904,S3_twin_shock,indonesia,USDC
321,0.7704412779165604,18058851534.248108,904,S3_twin_shock,indonesia,USDC
322,0.7870994419255297,17607380245.891907,904,S3_twin_shock,indonesia,USDC
323,0.7954737037685429,17167195739.74461,904,S3_twin_shock,indonesia,USDC
324,0.7905596385818443,16738015846.250994,904,S3_twin_shock,indonesia,USDC
325,0.7878372730012186,16319565450.094719,904,S3_twin_shock,indonesia,USDC
326,0.7885437453616434,15911576313.84235,904,S3_twin_shock,indonesia,USDC
327,0.7803649856403895,15513786905.996292,904,S3_twin_shock,indonesia,USDC
328,0.7589411909587112,15125942233.346384,904,S3_twin_shock,indonesia,USDC
329,0.7839263317691628,14747793677.512722,904,S3_twin_shock,indonesia,USDC
330,0.783897445679502,14379098835.574903,904,S3_twin_shock,indonesia,USDC
331,0.7630680739789434,14019621364.685532,904,S3_twin_shock,indonesia,USDC
332,0.7542496588194807,13669130830.568394,904,S3_twin_shock,indonesia,USDC
333,0.7618723519781181,13327402559.804184,904,S3_twin_shock,indonesia,USDC
334,0.7553915332261726,12994217495.809078,904,S3_twin_shock,indonesia,USDC
335,0.7687868958955606,12669362058.41385,904,S3_twin_shock,indonesia,USDC
336,0.7609163712596642,12352628006.953505,904,S3_twin_shock,indonesia,USDC
337,0.7597437634651375,12043812306.779667,904,S3_twin_shock,indonesia,USDC
338,0.7141082149838106,11742716999.110176,904,S3_twin_shock,indonesia,USDC
339,0.7009500832602311,11449149074.132421,904,S3_twin_shock,indonesia,USDC
340,0.7133218729492108,11162920347.27911,904,S3_twin_shock,indonesia,USDC
341,0.748666842282584,10883847338.597134,904,S3_twin_shock,indonesia,USDC
342,0.7613745482518219,10611751155.132206,904,S3_twin_shock,indonesia,USDC
343,0.7825984684840748,10346457376.253899,904,S3_twin_shock,indonesia,USDC
344,0.7695413738215264,10087795941.847553,904,S3_twin_shock,indonesia,USDC
345,0.7681376678965511,9835601043.301363,904,S3_twin_shock,indonesia,USDC
346,0.7535244058835274,9589711017.21883,904,S3_twin_shock,indonesia,USDC
347,0.7701880843208749,9349968241.788359,904,S3_twin_shock,indonesia,USDC
348,0.7631831759209854,9116219035.743649,904,S3_twin_shock,indonesia,USDC
349,0.7715099472790011,8888313559.85006,904,S3_twin_shock,indonesia,USDC
350,0.7846560523714231,8666105720.853807,904,S3_twin_shock,indonesia,USDC
351,0.774054046604816,8449453077.832462,904,S3_twin_shock,indonesia,USDC
352,0.8078286411801117,8238216750.886651,904,S3_twin_shock,indonesia,USDC
353,0.7855771995584775,8032261332.114485,904,S3_twin_shock,indonesia,USDC
354,0.8017144615344529,7831454798.811623,904,S3_twin_shock,indonesia,USDC
355,0.8085613152440624,7635668428.841333,904,S3_twin_shock,indonesia,USDC
356,0.8102021408972809,7444776718.1203,904,S3_twin_shock,indonesia,USDC
357,0.8034763520004966,7258657300.167292,904,S3_twin_shock,indonesia,USDC
358,0.8140463728834075,7077190867.663109,904,S3_twin_shock,indonesia,USDC
359,0.8305314304041752,6900261095.971533,904,S3_twin_shock,indonesia,USDC
360,0.8388775609545179,6727754568.572245,904,S3_twin_shock,indonesia,USDC
361,0.8356706382990052,6559560704.357937,904,S3_twin_shock,indonesia,USDC
362,0.8349575234080436,6395571686.748989,904,S3_twin_shock,indonesia,USDC
363,0.8193581203011988,6235682394.580264,904,S3_twin_shock,indonesia,USDC
364,0.8153838461917104,6079790334.715757,904,S3_twin_shock,indonesia,USDC
365,0.7758435832018927,5927795576.347864,904,S3_twin_shock,indonesia,USDC
366,0.789798181294381,5779600686.939167,904,S3_twin_shock,indonesia,USDC
367,0.7795904936682674,5635110669.765688,904,S3_twin_shock,indonesia,USDC
368,0.7877792135700117,5494232903.021545,904,S3_twin_shock,indonesia,USDC
369,0.7976288038243456,5356877080.446007,904,S3_twin_shock,indonesia,USDC
370,0.8012217019047901,5222955153.434856,904,S3_twin_shock,indonesia,USDC
371,0.7580496179751355,5092381274.598986,904,S3_twin_shock,indonesia,USDC
372,0.7359287287772686,4965071742.734011,904,S3_twin_shock,indonesia,USDC
373,0.7478005620050499,4840944949.165661,904,S3_twin_shock,indonesia,USDC
374,0.7594526461357132,4719921325.436519,904,S3_twin_shock,indonesia,USDC
375,0.7628444535789541,4601923292.300606,904,S3_twin_shock,indonesia,USDC
376,0.7784627760141319,4486875209.993091,904,S3_twin_shock,indonesia,USDC
377,0.7515477256344624,4374703329.743263,904,S3_twin_shock,indonesia,USDC
378,0.7604967006237905,4265335746.4996824,904,S3_twin_shock,indonesia,USDC
379,0.7673652416072323,4158702352.8371906,904,S3_twin_shock,indonesia,USDC
380,0.7580012097468735,4054734794.01626,904,S3_twin_shock,indonesia,USDC
381,0.7555351242865634,3953366424.165854,904,S3_twin_shock,indonesia,USDC
382,0.737716730476018,3854532263.5617075,904,S3_twin_shock,indonesia,USDC
383,0.7505199946052147,3758168956.972665,904,S3_twin_shock,indonesia,USDC
384,0.7490610045150016,3664214733.0483484,904,S3_twin_shock,indonesia,USDC
385,0.7650392979563632,3572609364.7221394,904,S3_twin_shock,indonesia,USDC
386,0.7679193473742371,3483294130.604086,904,S3_twin_shock,indonesia,USDC
387,0.7729812555954038,3396211777.3389845,904,S3_twin_shock,indonesia,USDC
388,0.7611242300478497,3311306482.9055095,904,S3_twin_shock,indonesia,USDC
389,0.7524061387771601,3228523820.832872,904,S3_twin_shock,indonesia,USDC
390,0.7452326344726076,3147810725.31205,904,S3_twin_shock,indonesia,USDC
391,0.7787687886883384,3069115457.179249,904,S3_twin_shock,indonesia,USDC
392,0.78644335870141,2992387570.7497673,904,S3_twin_shock,indonesia,USDC
393,0.7763953991692413,2917577881.4810233,904,S3_twin_shock,indonesia,USDC
394,0.7918014296915206,2844638434.443998,904,S3_twin_shock,indonesia,USDC
395,0.7893079021537398,2773522473.5828977,904,S3_twin_shock,indonesia,USDC
396,0.7945775170328567,2704184411.743325,904,S3_twin_shock,indonesia,USDC
397,0.7945223201040671,2636579801.4497423,904,S3_twin_shock,indonesia,USDC
398,0.7904670615334694,2570665306.413499,904,S3_twin_shock,indonesia,USDC
399,0.7976608053159435,2506398673.7531614,904,S3_twin_shock,indonesia,USDC
400,0.7929673542239428,2443738706.9093323,904,S3_twin_shock,indonesia,USDC
401,0.7778682148651384,2382645239.236599,904,S3_twin_shock,indonesia,USDC
402,0.7796784636914529,2323079108.255684,904,S3_twin_shock,indonesia,USDC
403,0.7682055387453741,2265002130.549292,904,S3_twin_shock,indonesia,USDC
404,0.779323563855847,2208377077.2855597,904,S3_twin_shock,indonesia,USDC
405,0.7855852903568931,2153167650.3534207,904,S3_twin_shock,indonesia,USDC
406,0.8139447327752811,2099338459.0945854,904,S3_twin_shock,indonesia,USDC
407,0.8265364104794811,2046854997.6172204,904,S3_twin_shock,indonesia,USDC
408,0.8327444574311448,1995683622.6767898,904,S3_twin_shock,indonesia,USDC
409,0.828870507161077,1945791532.1098702,904,S3_twin_shock,indonesia,USDC
410,0.8083399192101532,1897146743.8071237,904,S3_twin_shock,indonesia,USDC
411,0.8084722527312956,1849718075.2119455,904,S3_twin_shock,indonesia,USDC
412,0.8113274463338396,1803475123.331647,904,S3_twin_shock,indonesia,USDC
413,0.795796136095908,1758388245.2483556,904,S3_twin_shock,indonesia,USDC
414,0.7818765888455738,1714428539.117147,904,S3_twin_shock,indonesia,USDC
415,0.776641839187296,1671567825.639218,904,S3_twin_shock,indonesia,USDC
416,0.7905488625927727,1629778629.9982376,904,S3_twin_shock,indonesia,USDC
417,0.8063090683326055,1589034164.2482817,904,S3_twin_shock,indonesia,USDC
418,0.8110869302867534,1549308310.1420746,904,S3_twin_shock,indonesia,USDC
419,0.8199082287330003,1510575602.3885226,904,S3_twin_shock,indonesia,USDC
420,0.8273346774289696,1472811212.3288097,904,S3_twin_shock,indonesia,USDC
421,0.8324766895701367,1435990932.0205894,904,S3_twin_shock,indonesia,USDC
422,0.8289904657636529,1400091158.7200747,904,S3_twin_shock,indonesia,USDC
423,0.8535741274793254,1365088879.7520728,904,S3_twin_shock,indonesia,USDC
424,0.8309099983343663,1330961657.758271,904,S3_twin_shock,indonesia,USDC
425,0.8097784046901978,1297687616.3143141,904,S3_twin_shock,indonesia,USDC
426,0.7796161848568374,1265245425.9064562,904,S3_twin_shock,indonesia,USDC
427,0.7845484358926172,1233614290.2587948,904,S3_twin_shock,indonesia,USDC
428,0.7956604085403012,1202773933.002325,904,S3_twin_shock,indonesia,USDC
429,0.808358452546907,1172704584.6772668,904,S3_twin_shock,indonesia,USDC
430,0.83587856868633,1143386970.0603352,904,S3_twin_shock,indonesia,USDC
431,0.8024746731419222,1114802295.808827,904,S3_twin_shock,indonesia,USDC
432,0.8180206887131832,1086932238.4136062,904,S3_twin_shock,indonesia,USDC
433,0.8260207161267222,1059758932.4532659,904,S3_twin_shock,indonesia,USDC
434,0.8409808978253768,1033264959.1419344,904,S3_twin_shock,indonesia,USDC
435,0.8325362467126185,1007433335.163386,904,S3_twin_shock,indonesia,USDC
436,0.8169919141152078,982247501.7843015,904,S3_twin_shock,indonesia,USDC
437,0.8168890206219181,957691314.2396939,904,S3_twin_shock,indonesia,USDC
438,0.7885135863688916,933749031.3837016,904,S3_twin_shock,indonesia,USDC
439,0.7969257177721093,910405305.5991089,904,S3_twin_shock,indonesia,USDC
440,0.7797558131328071,887645172.9591312,904,S3_twin_shock,indonesia,USDC
441,0.8158016240460263,865454043.635153,904,S3_twin_shock,indonesia,USDC
442,0.8150449144845991,843817692.5442743,904,S3_twin_shock,indonesia,USDC
443,0.809058862457003,822722250.2306674,904,S3_twin_shock,indonesia,USDC
444,0.8117878863284962,802154193.9749007,904,S3_twin_shock,indonesia,USDC
445,0.8035047040580592,782100339.1255281,904,S3_twin_shock,indonesia,USDC
446,0.796969309297234,762547830.64739,904,S3_twin_shock,indonesia,USDC
447,0.7807587932940084,743484134.8812052,904,S3_twin_shock,indonesia,USDC
448,0.7855951892788651,724897031.5091751,904,S3_twin_shock,indonesia,USDC
449,0.7737723246069469,706774605.7214457,904,S3_twin_shock,indonesia,USDC
450,0.7926948124530284,689105240.5784096,904,S3_twin_shock,indonesia,USDC
451,0.77635994929988,671877609.5639493,904,S3_twin_shock,indonesia,USDC
452,0.8000356695480366,655080669.3248506,904,S3_twin_shock,indonesia,USDC
453,0.7820752898879582,638703652.5917294,904,S3_twin_shock,indonesia,USDC
454,0.7743120566837821,622736061.276936,904,S3_twin_shock,indonesia,USDC
455,0.7481499722007359,607167659.7450126,904,S3_twin_shock,indonesia,USDC
456,0.7582759213055851,591988468.2513874,904,S3_twin_shock,indonesia,USDC
457,0.7067601621291087,577188756.5451027,904,S3_twin_shock,indonesia,USDC
458,0.725877344045296,562759037.6314751,904,S3_twin_shock,indonesia,USDC
459,0.7543996476885506,548690061.6906883,904,S3_twin_shock,indonesia,USDC
460,0.8128128173915584,534972810.14842105,904,S3_twin_shock,indonesia,USDC
461,0.7833034483350652,521598489.8947105,904,S3_twin_shock,indonesia,USDC
462,0.7930439868569262,508558527.64734274,904,S3_twin_shock,indonesia,USDC
463,0.7814779952964785,495844564.45615923,904,S3_twin_shock,indonesia,USDC
464,0.7750803071814947,483448450.3447552,904,S3_twin_shock,indonesia,USDC
465,0.7676136051547994,471362239.08613634,904,S3_twin_shock,indonesia,USDC
466,0.7737396770648024,459578183.10898286,904,S3_twin_shock,indonesia,USDC
467,0.7854383029018746,448088728.53125834,904,S3_twin_shock,indonesia,USDC
468,0.7925923146932128,436886510.31797683,904,S3_twin_shock,indonesia,USDC
469,0.7808567174345254,425964347.5600275,904,S3_twin_shock,indonesia,USDC
470,0.780607838598616,415315238.87102675,904,S3_twin_shock,indonesia,USDC
471,0.7780558052879434,404932357.89925104,904,S3_twin_shock,indonesia,USDC
472,0.7728747538643905,394809048.95176977,904,S3_twin_shock,indonesia,USDC
473,0.7686425200363177,384938822.72797555,904,S3_twin_shock,indonesia,USDC
474,0.7707710745996031,375315352.15977615,904,S3_twin_shock,indonesia,USDC
475,0.7701462740845332,365932468.35578173,904,S3_twin_shock,indonesia,USDC
476,0.758531906230788,356784156.6468872,904,S3_twin_shock,indonesia,USDC
477,0.7584949139235949,347864552.73071504,904,S3_twin_shock,indonesia,USDC
478,0.7698794724398632,339167938.91244715,904,S3_twin_shock,indonesia,USDC
479,0.7718045487588793,330688740.439636,904,S3_twin_shock,indonesia,USDC
480,0.7586369130445,322421521.9286451,904,S3_twin_shock,indonesia,USDC
481,0.6406201577249613,314360983.8804289,904,S3_twin_shock,indonesia,USDC
482,0.6795808735977877,306501959.2834182,904,S3_twin_shock,indonesia,USDC
483,0.6830074940509843,298839410.3013327,904,S3_twin_shock,indonesia,USDC
484,0.6881289499246909,291368425.0437994,904,S3_twin_shock,indonesia,USDC
485,0.6304811213850702,284084214.41770446,904,S3_twin_shock,indonesia,USDC
486,0.6393933673278777,276982109.0572618,904,S3_twin_shock,indonesia,USDC
487,0.6509985096715513,270057556.3308303,904,S3_twin_shock,indonesia,USDC
488,0.6634985777812569,263306117.4225595,904,S3_twin_shock,indonesia,USDC
489,0.6941178711077512,256723464.48699552,904,S3_twin_shock,indonesia,USDC
490,0.7022556789711739,250305377.87482062,904,S3_twin_shock,indonesia,USDC
491,0.7435708860802743,244047743.4279501,904,S3_twin_shock,indonesia,USDC
492,0.7376848898655024,237946549.8422514,904,S3_twin_shock,indonesia,USDC
493,0.7529948033675775,231997886.0961951,904,S3_twin_shock,indonesia,USDC
494,0.7677948292364358,226197938.9437902,904,S3_twin_shock,indonesia,USDC
495,0.7897045292958029,220542990.47019547,904,S3_twin_shock,indonesia,USDC
496,0.8008191877702815,215029415.7084406,904,S3_twin_shock,indonesia,USDC
497,0.8210119197382191,209653680.31572956,904,S3_twin_shock,indonesia,USDC
498,0.7988498531971714,204412338.3078363,904,S3_twin_shock,indonesia,USDC
499,0.7875633580206647,199302029.85014042,904,S3_twin_shock,indonesia,USDC
500,0.7881627660543987,194319479.1038869,904,S3_twin_shock,indonesia,USDC
501,0.8078972700935907,189461492.12628973,904,S3_twin_shock,indonesia,USDC
502,0.7930068901809448,184724954.8231325,904,S3_twin_shock,indonesia,USDC
503,0.7929015334178988,180106830.95255417,904,S3_twin_shock,indonesia,USDC
504,0.7966269933314047,175604160.17874032,904,S3_twin_shock,indonesia,USDC
505,0.8067820558867326,171214056.17427182,904,S3_twin_shock,indonesia,USDC
506,0.7760483169588781,166933704.769915,904,S3_twin_shock,indonesia,USDC
507,0.7829922806724264,162760362.15066713,904,S3_twin_shock,indonesia,USDC
508,0.7868601523690893,158691353.09690046,904,S3_twin_shock,indonesia,USDC
509,0.7708070750403543,154724069.26947796,904,S3_twin_shock,indonesia,USDC
510,0.7848679213116102,150855967.537741,904,S3_twin_shock,indonesia,USDC
511,0.7685765533428628,147084568.34929746,904,S3_twin_shock,indonesia,USDC
512,0.7860737587722529,143407454.14056504,904,S3_twin_shock,indonesia,USDC
513,0.7876225888523043,139822267.7870509,904,S3_twin_shock,indonesia,USDC
514,0.7850572787490226,136326711.09237462,904,S3_twin_shock,indonesia,USDC
515,0.7825679836446978,132918543.31506526,904,S3_twin_shock,indonesia,USDC
516,0.7878792990392435,129595579.73218863,904,S3_twin_shock,indonesia,USDC
517,0.7603076063983524,126355690.23888391,904,S3_twin_shock,indonesia,USDC
518,0.7766287126818157,123196797.98291181,904,S3_twin_shock,indonesia,USDC
519,0.775000584174328,120116878.03333902,904,S3_twin_shock,indonesia,USDC
520,0.681275508535053,117113956.08250554,904,S3_twin_shock,indonesia,USDC
521,0.7159874029044798,114186107.1804429,904,S3_twin_shock,indonesia,USDC
522,0.7337605974167661,111331454.50093183,904,S3_twin_shock,indonesia,USDC
523,0.758118760719311,108548168.13840854,904,S3_twin_shock,indonesia,USDC
524,0.7747144898546684,105834463.93494833,904,S3_twin_shock,indonesia,USDC
525,0.7502201993431349,103188602.33657461,904,S3_twin_shock,indonesia,USDC
526,0.7779878439255075,100608887.27816026,904,S3_twin_shock,indonesia,USDC
527,0.7610529650661074,98093665.09620625,904,S3_twin_shock,indonesia,USDC
528,0.7918184223123713,95641323.4688011,904,S3_twin_shock,indonesia,USDC
529,0.795125391074716,93250290.38208106,904,S3_twin_shock,indonesia,USDC
530,0.7871122759955016,90919033.12252903,904,S3_twin_shock,indonesia,USDC
531,0.8078568811449006,88646057.29446581,904,S3_twin_shock,indonesia,USDC
532,0.7964876939839826,86429905.86210418,904,S3_twin_shock,indonesia,USDC
533,0.7831533373475965,84269158.21555156,904,S3_twin_shock,indonesia,USDC
534,0.7973348676233938,82162429.26016277,904,S3_twin_shock,indonesia,USDC
535,0.7667372987067098,80108368.5286587,904,S3_twin_shock,indonesia,USDC
536,0.7691505601820625,78105659.31544223,904,S3_twin_shock,indonesia,USDC
537,0.7552611185539981,76153017.83255617,904,S3_twin_shock,indonesia,USDC
538,0.7334469469466971,74249192.38674228,904,S3_twin_shock,indonesia,USDC
539,0.7492521857057537,72392962.57707372,904,S3_twin_shock,indonesia,USDC
540,0.7616529349160454,70583138.51264688,904,S3_twin_shock,indonesia,USDC
541,0.7745866815134765,68818560.0498307,904,S3_twin_shock,indonesia,USDC
542,0.7829272480254118,67098096.04858495,904,S3_twin_shock,indonesia,USDC
543,0.7893209222169841,65420643.64737032,904,S3_twin_shock,indonesia,USDC
544,0.8156368539320012,63785127.55618606,904,S3_twin_shock,indonesia,USDC
545,0.7904446816138256,62190499.367281415,904,S3_twin_shock,indonesia,USDC
546,0.7972950342707509,60635736.88309938,904,S3_twin_shock,indonesia,USDC
547,0.7808644526053872,59119843.461021885,904,S3_twin_shock,indonesia,USDC
548,0.7909522713934684,57641847.37449635,904,S3_twin_shock,indonesia,USDC
549,0.7844671516949852,56200801.19013394,904,S3_twin_shock,indonesia,USDC
550,0.7906376154956166,54795781.16038059,904,S3_twin_shock,indonesia,USDC
551,0.8161039843276413,53425886.631371066,904,S3_twin_shock,indonesia,USDC
552,0.7887362769272444,52090239.4655868,904,S3_twin_shock,indonesia,USDC
553,0.7980459938681524,50787983.478947125,904,S3_twin_shock,indonesia,USDC
554,0.7787162317430215,49518283.89197345,904,S3_twin_shock,indonesia,USDC
555,0.7559606388864889,48280326.79467411,904,S3_twin_shock,indonesia,USDC
556,0.7706816235997636,47073318.62480725,904,S3_twin_shock,indonesia,USDC
557,0.7509780819448216,45896485.65918708,904,S3_twin_shock,indonesia,USDC
558,0.7665471587010706,44749073.5177074,904,S3_twin_shock,indonesia,USDC
559,0.7677527680812012,43630346.67976472,904,S3_twin_shock,indonesia,USDC
560,0.7946405225860647,42539588.01277059,904,S3_twin_shock,indonesia,USDC
561,0.7754034074251657,41476098.31245133,904,S3_twin_shock,indonesia,USDC
562,0.7833071410410551,40439195.854640044,904,S3_twin_shock,indonesia,USDC
563,0.7842486013371179,39428215.958274044,904,S3_twin_shock,indonesia,USDC
564,0.7985512485387439,38442510.559317194,904,S3_twin_shock,indonesia,USDC
565,0.7727693328860253,37481447.795334265,904,S3_twin_shock,indonesia,USDC
566,0.7748474601298484,36544411.60045091,904,S3_twin_shock,indonesia,USDC
567,0.8119671692656275,35630801.31043963,904,S3_twin_shock,indonesia,USDC
568,0.8186563056679539,34740031.27767864,904,S3_twin_shock,indonesia,USDC
569,0.810068492953722,33871530.49573668,904,S3_twin_shock,indonesia,USDC
570,0.8181336087644908,33024742.23334326,904,S3_twin_shock,indonesia,USDC
571,0.8358934367082242,32199123.677509677,904,S3_twin_shock,indonesia,USDC
572,0.8174873588172216,31394145.585571937,904,S3_twin_shock,indonesia,USDC
573,0.8543405447986984,30609291.94593264,904,S3_twin_shock,indonesia,USDC
574,0.8593484616474655,29844059.64728432,904,S3_twin_shock,indonesia,USDC
575,0.8496222428324136,29097958.156102214,904,S3_twin_shock,indonesia,USDC
576,0.8341582310621063,28370509.20219966,904,S3_twin_shock,indonesia,USDC
577,0.8263762105046096,27661246.47214467,904,S3_twin_shock,indonesia,USDC
578,0.834393422659017,26969715.310341053,904,S3_twin_shock,indonesia,USDC
579,0.8328951407335471,26295472.427582525,904,S3_twin_shock,indonesia,USDC
580,0.8443607039309864,25638085.61689296,904,S3_twin_shock,indonesia,USDC
581,0.8426123599465634,24997133.476470638,904,S3_twin_shock,indonesia,USDC
582,0.8563657155102403,24372205.13955887,904,S3_twin_shock,indonesia,USDC
583,0.8198377863431144,23762900.0110699,904,S3_twin_shock,indonesia,USDC
584,0.8049449953548571,23168827.510793153,904,S3_twin_shock,indonesia,USDC
585,0.7809912211534041,22589606.823023323,904,S3_twin_shock,indonesia,USDC
586,0.775133700014927,22024866.65244774,904,S3_twin_shock,indonesia,USDC
587,0.7709698922377772,21474244.98613655,904,S3_twin_shock,indonesia,USDC
588,0.7723644542815793,20937388.861483134,904,S3_twin_shock,indonesia,USDC
589,0.791927494604584,20413954.139946055,904,S3_twin_shock,indonesia,USDC
590,0.81128037146747,19903605.286447402,904,S3_twin_shock,indonesia,USDC
591,0.7924019603865967,19406015.15428622,904,S3_twin_shock,indonesia,USDC
592,0.7904056429817354,18920864.775429063,904,S3_twin_shock,indonesia,USDC
593,0.8088377018171716,18447843.156043336,904,S3_twin_shock,indonesia,USDC
594,0.8259123870967259,17986647.077142254,904,S3_twin_shock,indonesia,USDC
595,0.8214393462632481,17536980.900213696,904,S3_twin_shock,indonesia,USDC
596,0.8369928463312539,17098556.377708353,904,S3_twin_shock,indonesia,USDC
597,0.8331554003216999,16671092.468265643,904,S3_twin_shock,indonesia,USDC
598,0.8422083535198113,16254315.156559002,904,S3_twin_shock,indonesia,USDC
599,0.8425357344770664,15847957.277645025,904,S3_twin_shock,indonesia,USDC
600,0.8167613421538497,15451758.345703902,904,S3_twin_shock,indonesia,USDC
601,0.8387783151688273,15065464.387061302,904,S3_twin_shock,indonesia,USDC
602,0.8156026797336585,14688827.777384771,904,S3_twin_shock,indonesia,USDC
603,0.8377254734013706,14321607.082950152,904,S3_twin_shock,indonesia,USDC
604,0.8580498480888049,13963566.905876398,904,S3_twin_shock,indonesia,USDC
605,0.8426358645524871,13614477.733229488,904,S3_twin_shock,indonesia,USDC
606,0.8451590505607814,13274115.78989875,904,S3_twin_shock,indonesia,USDC
607,0.8204317579013327,12942262.895151284,904,S3_twin_shock,indonesia,USDC
608,0.8092408835764291,12618706.3227725,904,S3_twin_shock,indonesia,USDC
609,0.7961034199804188,12303238.664703188,904,S3_twin_shock,indonesia,USDC
610,0.8061048146576929,11995657.698085608,904,S3_twin_shock,indonesia,USDC
611,0.8014570200054185,11695766.255633466,904,S3_twin_shock,indonesia,USDC
612,0.8028458510667826,11403372.099242631,904,S3_twin_shock,indonesia,USDC
613,0.6938753147376441,11118287.796761565,904,S3_twin_shock,indonesia,USDC
614,0.6994505876291737,10840330.601842526,904,S3_twin_shock,indonesia,USDC
615,0.7116414239858639,10569322.336796463,904,S3_twin_shock,indonesia,USDC
616,0.7188732589244755,10305089.278376551,904,S3_twin_shock,indonesia,USDC
617,0.7264995035533153,10047462.046417136,904,S3_twin_shock,indonesia,USDC
618,0.7488066159232243,9796275.495256709,904,S3_twin_shock,indonesia,USDC
619,0.760518252193001,9551368.607875291,904,S3_twin_shock,indonesia,USDC
620,0.7621715627091232,9312584.39267841,904,S3_twin_shock,indonesia,USDC
621,0.7681728827320938,9079769.782861449,904,S3_twin_shock,indonesia,USDC
622,0.7457034611568337,8852775.538289914,904,S3_twin_shock,indonesia,USDC
623,0.7487940630450838,8631456.149832666,904,S3_twin_shock,indonesia,USDC
624,0.7486584911129103,8415669.746086849,904,S3_twin_shock,indonesia,USDC
625,0.7448986255617939,8205278.0024346765,904,S3_twin_shock,indonesia,USDC
626,0.7415172583354477,8000146.052373812,904,S3_twin_shock,indonesia,USDC
627,0.7419006865073419,7800142.401064466,904,S3_twin_shock,indonesia,USDC
628,0.7644390771249471,7605138.841037855,904,S3_twin_shock,indonesia,USDC
629,0.7797997935531492,7415010.370011907,904,S3_twin_shock,indonesia,USDC
630,0.7728496784594828,7229635.110761611,904,S3_twin_shock,indonesia,USDC
631,0.7764845100123708,7048894.232992569,904,S3_twin_shock,indonesia,USDC
632,0.7665349293036249,6872671.877167756,904,S3_twin_shock,indonesia,USDC
633,0.7868902930173034,6700855.080238561,904,S3_twin_shock,indonesia,USDC
634,0.7677621853198853,6533333.703232598,904,S3_twin_shock,indonesia,USDC
635,0.7707878592608483,6370000.360651783,904,S3_twin_shock,indonesia,USDC
636,0.7869585015914716,6210750.351635488,904,S3_twin_shock,indonesia,USDC
637,0.7621056145762016,6055481.592844601,904,S3_twin_shock,indonesia,USDC
638,0.7605435103605418,5904094.5530234855,904,S3_twin_shock,indonesia,USDC
639,0.7567081587241122,5756492.189197899,904,S3_twin_shock,indonesia,USDC
640,0.7188888803108516,5612579.884467951,904,S3_twin_shock,indonesia,USDC
641,0.7310301914703974,5472265.387356252,904,S3_twin_shock,indonesia,USDC
642,0.7449356387561561,5335458.752672346,904,S3_twin_shock,indonesia,USDC
643,0.7488612638808043,5202072.283855537,904,S3_twin_shock,indonesia,USDC
644,0.7591515995482996,5072020.476759149,904,S3_twin_shock,indonesia,USDC
645,0.7477679852795359,4945219.96484017,904,S3_twin_shock,indonesia,USDC
646,0.7768928276619195,4821589.465719166,904,S3_twin_shock,indonesia,USDC
647,0.7577185373384692,4701049.729076186,904,S3_twin_shock,indonesia,USDC
648,0.7470952373834199,4583523.485849282,904,S3_twin_shock,indonesia,USDC
649,0.7364202652245632,4468935.39870305,904,S3_twin_shock,indonesia,USDC
650,0.7552498845002289,4357212.013735474,904,S3_twin_shock,indonesia,USDC
651,0.751432110218402,4248281.713392087,904,S3_twin_shock,indonesia,USDC
652,0.746556516138804,4142074.670557285,904,S3_twin_shock,indonesia,USDC
653,0.7549852512192653,4038522.803793353,904,S3_twin_shock,indonesia,USDC
654,0.7806565104233529,3937559.733698519,904,S3_twin_shock,indonesia,USDC
655,0.767331616436234,3839120.7403560565,904,S3_twin_shock,indonesia,USDC
656,0.7740009099693161,3743142.721847155,904,S3_twin_shock,indonesia,USDC
657,0.771168844605002,3649564.153800976,904,S3_twin_shock,indonesia,USDC
658,0.7641140507930295,3558325.049955952,904,S3_twin_shock,indonesia,USDC
659,0.7841509996541698,3469366.923707053,904,S3_twin_shock,indonesia,USDC
660,0.7886005908201579,3382632.7506143767,904,S3_twin_shock,indonesia,USDC
661,0.7632864506040731,3298066.9318490173,904,S3_twin_shock,indonesia,USDC
662,0.7589252094965345,3215615.2585527925,904,S3_twin_shock,indonesia,USDC
663,0.7480546302224271,3135224.8770889724,904,S3_twin_shock,indonesia,USDC
664,0.742752304718479,3056844.255161748,904,S3_twin_shock,indonesia,USDC
665,0.7681887902071378,2980423.148782704,904,S3_twin_shock,indonesia,USDC
666,0.7834845591139247,2905912.5700631365,904,S3_twin_shock,indonesia,USDC
667,0.7630842301858936,2833264.755811558,904,S3_twin_shock,indonesia,USDC
668,0.7831107197253802,2762433.136916269,904,S3_twin_shock,indonesia,USDC
669,0.801503530967027,2693372.3084933623,904,S3_twin_shock,indonesia,USDC
670,0.7736428178098667,2626038.000781028,904,S3_twin_shock,indonesia,USDC
671,0.7661969273927753,2560387.0507615027,904,S3_twin_shock,indonesia,USDC
672,0.7500137753161934,2496377.3744924646,904,S3_twin_shock,indonesia,USDC
673,0.7717448095618936,2433967.940130153,904,S3_twin_shock,indonesia,USDC
674,0.7763982939890485,2373118.7416268997,904,S3_twin_shock,indonesia,USDC
675,0.7588541926403178,2313790.773086227,904,S3_twin_shock,indonesia,USDC
676,0.7733920683867972,2255946.003759071,904,S3_twin_shock,indonesia,USDC
677,0.7696116314479807,2199547.353665095,904,S3_twin_shock,indonesia,USDC
678,0.7465822318669741,2144558.6698234673,904,S3_twin_shock,indonesia,USDC
679,0.7760775705387923,2090944.7030778807,904,S3_twin_shock,indonesia,USDC
680,0.783064866555981,2038671.0855009337,904,S3_twin_shock,indonesia,USDC
681,0.7779638222246165,1987704.3083634104,904,S3_twin_shock,indonesia,USDC
682,0.7736721991653714,1938011.700654325,904,S3_twin_shock,indonesia,USDC
683,0.7808537515169167,1889561.4081379669,904,S3_twin_shock,indonesia,USDC
684,0.7978014821467374,1842322.3729345177,904,S3_twin_shock,indonesia,USDC
685,0.8032811727946361,1796264.313611155,904,S3_twin_shock,indonesia,USDC
686,0.8137202117967552,1751357.705770876,904,S3_twin_shock,indonesia,USDC
687,0.7877088923612003,1707573.7631266043,904,S3_twin_shock,indonesia,USDC
688,0.7909628819371193,1664884.4190484392,904,S3_twin_shock,indonesia,USDC
689,0.7920182659937306,1623262.308572228,904,S3_twin_shock,indonesia,USDC
690,0.7895640330478482,1582680.7508579222,904,S3_twin_shock,indonesia,USDC
691,0.7818229043939865,1543113.7320864743,904,S3_twin_shock,indonesia,USDC
692,0.775012273204598,1504535.8887843126,904,S3_twin_shock,indonesia,USDC
693,0.7780503760319399,1466922.4915647048,904,S3_twin_shock,indonesia,USDC
694,0.7728201634530327,1430249.4292755872,904,S3_twin_shock,indonesia,USDC
695,0.7826936089322228,1394493.1935436977,904,S3_twin_shock,indonesia,USDC
696,0.7826204452558051,1359630.8637051051,904,S3_twin_shock,indonesia,USDC
697,0.7996494274586251,1325640.0921124774,904,S3_twin_shock,indonesia,USDC
698,0.8170025956955328,1292499.0898096655,904,S3_twin_shock,indonesia,USDC
699,0.8159114656014766,1260186.612564424,904,S3_twin_shock,indonesia,USDC
700,0.8074147382024878,1228681.9472503136,904,S3_twin_shock,indonesia,USDC
701,0.7777144614942577,1197964.8985690556,904,S3_twin_shock,indonesia,USDC
702,0.7888435769823717,1168015.7761048293,904,S3_twin_shock,indonesia,USDC
703,0.8180034957448094,1138815.3817022084,904,S3_twin_shock,indonesia,USDC
704,0.8305919285914511,1110344.9971596533,904,S3_twin_shock,indonesia,USDC
705,0.8212253253501103,1082586.372230662,904,S3_twin_shock,indonesia,USDC
706,0.8253935194471538,1055521.7129248953,904,S3_twin_shock,indonesia,USDC
707,0.8372013734234114,1029133.6701017729,904,S3_twin_shock,indonesia,USDC
708,0.8292348793363139,1003405.3283492286,904,S3_twin_shock,indonesia,USDC
709,0.8219671267177917,978320.1951404978,904,S3_twin_shock,indonesia,USDC
710,0.8307435424081644,953862.1902619854,904,S3_twin_shock,indonesia,USDC
711,0.8045936467347279,930015.6355054358,904,S3_twin_shock,indonesia,USDC
712,0.8104660254973564,906765.2446178,904,S3_twin_shock,indonesia,USDC
713,0.805150781506321,884096.1135023548,904,S3_twin_shock,indonesia,USDC
714,0.7969246654721808,861993.710664796,904,S3_twin_shock,indonesia,USDC
715,0.7786752923995109,840443.8678981762,904,S3_twin_shock,indonesia,USDC
716,0.7958518843553974,819432.7712007219,904,S3_twin_shock,indonesia,USDC
717,0.7897115552024803,798946.9519207038,904,S3_twin_shock,indonesia,USDC
718,0.7973763848575823,778973.2781226862,904,S3_twin_shock,indonesia,USDC
719,0.8098841886043882,759498.946169619,904,S3_twin_shock,indonesia,USDC
720,0.7995588679982959,740511.4725153785,904,S3_twin_shock,indonesia,USDC
721,0.8093107952847993,721998.6857024941,904,S3_twin_shock,indonesia,USDC
722,0.8367411786280278,703948.7185599317,904,S3_twin_shock,indonesia,USDC
723,0.836633989989943,686350.0005959334,904,S3_twin_shock,indonesia,USDC
724,0.8241105452013908,669191.250581035,904,S3_twin_shock,indonesia,USDC
725,0.8116432637643737,652461.4693165092,904,S3_twin_shock,indonesia,USDC
726,0.8162962768829445,636149.9325835964,904,S3_twin_shock,indonesia,USDC
727,0.7998054578494209,620246.1842690066,904,S3_twin_shock,indonesia,USDC
728,0.8176055466438897,604740.0296622814,904,S3_twin_shock,indonesia,USDC
729,0.812753291852124,589621.5289207243,904,S3_twin_shock,indonesia,USDC
730,0.8216095069980428,574880.9906977064,904,S3_twin_shock,indonesia,USDC
731,0.8071998414526795,560508.9659302636,904,S3_twin_shock,indonesia,USDC
732,0.7883605480005198,546496.241782007,904,S3_twin_shock,indonesia,USDC
733,0.7793656130248678,532833.8357374569,904,S3_twin_shock,indonesia,USDC
734,0.7943053852693639,519512.98984402046,904,S3_twin_shock,indonesia,USDC
735,0.8007248905432959,506525.16509791993,904,S3_twin_shock,indonesia,USDC
736,0.7992136260264848,493862.0359704719,904,S3_twin_shock,indonesia,USDC
737,0.7867570156731355,481515.4850712102,904,S3_twin_shock,indonesia,USDC
738,0.7759945102000794,469477.5979444299,904,S3_twin_shock,indonesia,USDC
739,0.8091438242329119,457740.6579958191,904,S3_twin_shock,indonesia,USDC
740,0.8184521139122181,446297.14154592366,904,S3_twin_shock,indonesia,USDC
741,0.7874074115936879,435139.7130072756,904,S3_twin_shock,indonesia,USDC
742,0.7855370843222629,424261.2201820937,904,S3_twin_shock,indonesia,USDC
743,0.7718919625332784,413654.6896775414,904,S3_twin_shock,indonesia,USDC
744,0.7783568261610896,403313.32243560284,904,S3_twin_shock,indonesia,USDC
745,0.7682921310363102,393230.48937471275,904,S3_twin_shock,indonesia,USDC
746,0.7625784700012035,383399.7271403449,904,S3_twin_shock,indonesia,USDC
747,0.758391230927566,373814.7339618363,904,S3_twin_shock,indonesia,USDC
748,0.7589523610217682,364469.3656127904,904,S3_twin_shock,indonesia,USDC
749,0.7442768106095352,355357.6314724706,904,S3_twin_shock,indonesia,USDC
750,0.72191078777283,346473.69068565883,904,S3_twin_shock,indonesia,USDC
751,0.749935595260848,337811.8484185174,904,S3_twin_shock,indonesia,USDC
752,0.7446526729570342,329366.55220805446,904,S3_twin_shock,indonesia,USDC
753,0.728781541437409,321132.38840285304,904,S3_twin_shock,indonesia,USDC
754,0.7252177522679657,313104.07869278174,904,S3_twin_shock,indonesia,USDC
755,0.7509388729283943,305276.47672546224,904,S3_twin_shock,indonesia,USDC
756,0.7508503202252027,297644.5648073257,904,S3_twin_shock,indonesia,USDC
757,0.7545528907058447,290203.45068714255,904,S3_twin_shock,indonesia,USDC
758,0.7654742586309708,282948.364419964,904,S3_twin_shock,indonesia,USDC
759,0.7628405118312253,275874.6553094649,904,S3_twin_shock,indonesia,USDC
760,0.7776401121753767,268977.78892672824,904,S3_twin_shock,indonesia,USDC
761,0.789854832319831,262253.34420356003,904,S3_twin_shock,indonesia,USDC
762,0.8198860072912217,255697.01059847104,904,S3_twin_shock,indonesia,USDC
763,0.8033608903616117,249304.58533350925,904,S3_twin_shock,indonesia,USDC
764,0.8118045309815455,243071.97070017154,904,S3_twin_shock,indonesia,USDC
765,0.7975999108736067,236995.1714326673,904,S3_twin_shock,indonesia,USDC
766,0.8064939330572041,231070.29214685058,904,S3_twin_shock,indonesia,USDC
767,0.8026848866715871,225293.5348431793,904,S3_twin_shock,indonesia,USDC
768,0.8503015133336084,219661.1964720998,904,S3_twin_shock,indonesia,USDC
769,0.8432497371635249,214169.66656029734,904,S3_twin_shock,indonesia,USDC
770,0.8599957303006102,208815.4248962899,904,S3_twin_shock,indonesia,USDC
771,0.8782359048173597,203595.03927388263,904,S3_twin_shock,indonesia,USDC
772,0.897126209460572,198505.16329203558,904,S3_twin_shock,indonesia,USDC
773,0.8787207899371696,193542.53420973467,904,S3_twin_shock,indonesia,USDC
774,0.8690234299185761,188703.97085449132,904,S3_twin_shock,indonesia,USDC
775,0.832879156573744,183986.37158312902,904,S3_twin_shock,indonesia,USDC
776,0.8131272356977943,179386.7122935508,904,S3_twin_shock,indonesia,USDC
777,0.8172934086045252,174902.04448621202,904,S3_twin_shock,indonesia,USDC
778,0.8206157909852929,170529.4933740567,904,S3_twin_shock,indonesia,USDC
779,0.8270841203992402,166266.2560397053,904,S3_twin_shock,indonesia,USDC
780,0.8342363451699513,162109.59963871268,904,S3_twin_shock,indonesia,USDC
781,0.8108884658636326,158056.85964774486,904,S3_twin_shock,indonesia,USDC
782,0.8189259749377777,154105.43815655124,904,S3_twin_shock,indonesia,USDC
783,0.7858767088379601,150252.80220263745,904,S3_twin_shock,indonesia,USDC
784,0.8051617709107142,146496.4821475715,904,S3_twin_shock,indonesia,USDC
785,0.8234190510469733,142834.0700938822,904,S3_twin_shock,indonesia,USDC
786,0.8480426744923153,139263.21834153516,904,S3_twin_shock,indonesia,USDC
787,0.8650071265925514,135781.6378829968,904,S3_twin_shock,indonesia,USDC
788,0.8464565964170585,132387.09693592187,904,S3_twin_shock,indonesia,USDC
789,0.8472425326936601,129077.41951252382,904,S3_twin_shock,indonesia,USDC
790,0.8425466940087297,125850.48402471073,904,S3_twin_shock,indonesia,USDC
791,0.8349671211505069,122704.22192409296,904,S3_twin_shock,indonesia,USDC
792,0.7964896272504246,119636.61637599063,904,S3_twin_shock,indonesia,USDC
793,0.8099298237313631,116645.70096659087,904,S3_twin_shock,indonesia,USDC
794,0.7852308387685343,113729.55844242612,904,S3_twin_shock,indonesia,USDC
795,0.7872385972558519,110886.31948136544,904,S3_twin_shock,indonesia,USDC
796,0.79046384555908,108114.16149433132,904,S3_twin_shock,indonesia,USDC
797,0.7774032730132103,105411.30745697302,904,S3_twin_shock,indonesia,USDC
798,0.7728641820706449,102776.02477054871,904,S3_twin_shock,indonesia,USDC
799,0.8008992948741089,100206.62415128498,904,S3_twin_shock,indonesia,USDC
800,0.8110018532482073,97701.45854750286,904,S3_twin_shock,indonesia,USDC
801,0.8114777309600648,95258.9220838153,904,S3_twin_shock,indonesia,USDC
802,0.7917101837666006,92877.44903171991,904,S3_twin_shock,indonesia,USDC
803,0.8087383349566653,90555.51280592692,904,S3_twin_shock,indonesia,USDC
804,0.7789899316284609,88291.62498577873,904,S3_twin_shock,indonesia,USDC
805,0.7779929466178633,86084.33436113427,904,S3_twin_shock,indonesia,USDC
806,0.7733581457660521,83932.22600210592,904,S3_twin_shock,indonesia,USDC
807,0.7843177630710103,81833.92035205326,904,S3_twin_shock,indonesia,USDC
808,0.8041312661503843,79788.07234325193,904,S3_twin_shock,indonesia,USDC
809,0.8148994192666041,77793.37053467063,904,S3_twin_shock,indonesia,USDC
810,0.830403750610306,75848.53627130386,904,S3_twin_shock,indonesia,USDC
811,0.8334040474443061,73952.32286452127,904,S3_twin_shock,indonesia,USDC
812,0.8278982375662485,72103.51479290824,904,S3_twin_shock,indonesia,USDC
813,0.8227818117906937,70300.92692308553,904,S3_twin_shock,indonesia,USDC
814,0.8361729078473222,68543.4037500084,904,S3_twin_shock,indonesia,USDC
815,0.8498012391652142,66829.81865625818,904,S3_twin_shock,indonesia,USDC
816,0.8494991877600331,65159.073189851726,904,S3_twin_shock,indonesia,USDC
817,0.8562591313405702,63530.09636010544,904,S3_twin_shock,indonesia,USDC
818,0.8742033094643139,61941.8439511028,904,S3_twin_shock,indonesia,USDC
819,0.8787507398617421,60393.297852325224,904,S3_twin_shock,indonesia,USDC
820,0.8304716886751207,58883.465406017094,904,S3_twin_shock,indonesia,USDC
821,0.8230397894952581,57411.378770866664,904,S3_twin_shock,indonesia,USDC
822,0.8014928912423107,55976.094301594996,904,S3_twin_shock,indonesia,USDC
823,0.8013101141996478,54576.69194405513,904,S3_twin_shock,indonesia,USDC
824,0.7916792678362591,53212.27464545375,904,S3_twin_shock,indonesia,USDC
825,0.7983829116539869,51881.967779317405,904,S3_twin_shock,indonesia,USDC
826,0.8013355882717861,50584.918584834464,904,S3_twin_shock,indonesia,USDC
827,0.7717619082820159,49320.295620213605,904,S3_twin_shock,indonesia,USDC
828,0.7774930221436183,48087.28822970826,904,S3_twin_shock,indonesia,USDC
829,0.7737152935002873,46885.106023965556,904,S3_twin_shock,indonesia,USDC
830,0.7760157484772726,45712.978373366415,904,S3_twin_shock,indonesia,USDC
831,0.7751636139753793,44570.15391403226,904,S3_twin_shock,indonesia,USDC
832,0.8032288334717717,43455.90006618145,904,S3_twin_shock,indonesia,USDC
833,0.8078042115933937,42369.50256452691,904,S3_twin_shock,indonesia,USDC
834,0.8141150452137076,41310.26500041374,904,S3_twin_shock,indonesia,USDC
835,0.8006970468434301,40277.5083754034,904,S3_twin_shock,indonesia,USDC
836,0.8026439249625804,39270.57066601831,904,S3_twin_shock,indonesia,USDC
837,0.7937996994027123,38288.80639936785,904,S3_twin_shock,indonesia,USDC
838,0.7998102565015949,37331.58623938365,904,S3_twin_shock,indonesia,USDC
839,0.8090282117995965,36398.29658339906,904,S3_twin_shock,indonesia,USDC
840,0.7894637671215854,35488.339168814084,904,S3_twin_shock,indonesia,USDC
841,0.7778077468477548,34601.13068959373,904,S3_twin_shock,indonesia,USDC
842,0.7783691818783236,33736.10242235389,904,S3_twin_shock,indonesia,USDC
843,0.7712164478022407,32892.699861795045,904,S3_twin_shock,indonesia,USDC
844,0.7807433153365365,32070.382365250167,904,S3_twin_shock,indonesia,USDC
845,0.7841386648836425,31268.622806118914,904,S3_twin_shock,indonesia,USDC
846,0.7703681154956181,30486.90723596594,904,S3_twin_shock,indonesia,USDC
847,0.7853346413950987,29724.734555066792,904,S3_twin_shock,indonesia,USDC
848,0.7911133617054817,28981.61619119012,904,S3_twin_shock,indonesia,USDC
849,0.7880630671947431,28257.07578641037,904,S3_twin_shock,indonesia,USDC
850,0.7916242394441714,27550.64889175011,904,S3_twin_shock,indonesia,USDC
851,0.8042836071178718,26861.882669456358,904,S3_twin_shock,indonesia,USDC
852,0.7923214448570253,26190.335602719948,904,S3_twin_shock,indonesia,USDC
853,0.8024963014198921,25535.57721265195,904,S3_twin_shock,indonesia,USDC
854,0.8379651701304174,24897.187782335655,904,S3_twin_shock,indonesia,USDC
855,0.8733395786324,24274.758087777263,904,S3_twin_shock,indonesia,USDC
856,0.8663523073866023,23667.88913558283,904,S3_twin_shock,indonesia,USDC
857,0.8533310513031225,23076.19190719326,904,S3_twin_shock,indonesia,USDC
858,0.845132569822343,22499.28710951343,904,S3_twin_shock,indonesia,USDC
859,0.8385039708438042,21936.804931775594,904,S3_twin_shock,indonesia,USDC
860,0.8275024600414245,21388.384808481205,904,S3_twin_shock,indonesia,USDC
861,0.83820487279193,20853.67518826917,904,S3_twin_shock,indonesia,USDC
862,0.850691543196132,20332.333308562444,904,S3_twin_shock,indonesia,USDC
863,0.8259923700991608,19824.024975848384,904,S3_twin_shock,indonesia,USDC
864,0.843840697467938,19328.424351452173,904,S3_twin_shock,indonesia,USDC
865,0.8617682046027596,18845.21374266587,904,S3_twin_shock,indonesia,USDC
866,0.8559646462832435,18374.083399099225,904,S3_twin_shock,indonesia,USDC
867,0.8270469074241326,17914.731314121742,904,S3_twin_shock,indonesia,USDC
868,0.8249047938404096,17466.8630312687,904,S3_twin_shock,indonesia,USDC
869,0.8256736131626771,17030.19145548698,904,S3_twin_shock,indonesia,USDC
870,0.8228290898702918,16604.436669099807,904,S3_twin_shock,indonesia,USDC
871,0.8283644885973681,16189.32575237231,904,S3_twin_shock,indonesia,USDC
872,0.8134578811519604,15784.592608563004,904,S3_twin_shock,indonesia,USDC
873,0.8185765550979925,15389.977793348928,904,S3_twin_shock,indonesia,USDC
874,0.8107520615351994,15005.228348515204,904,S3_twin_shock,indonesia,USDC
875,0.7972713356058195,14630.097639802323,904,S3_twin_shock,indonesia,USDC
876,0.8049757962742952,14264.345198807263,904,S3_twin_shock,indonesia,USDC
877,0.8066595510174113,13907.736568837083,904,S3_twin_shock,indonesia,USDC
878,0.8115551878189284,13560.043154616156,904,S3_twin_shock,indonesia,USDC
879,0.8246595145050601,13221.04207575075,904,S3_twin_shock,indonesia,USDC
880,0.822076736710917,12890.516023856982,904,S3_twin_shock,indonesia,USDC
881,0.823222751889658,12568.25312326056,904,S3_twin_shock,indonesia,USDC
882,0.8382017162766885,12254.046795179045,904,S3_twin_shock,indonesia,USDC
883,0.841338581757107,11947.69562529957,904,S3_twin_shock,indonesia,USDC
884,0.8290044577491625,11649.00323466708,904,S3_twin_shock,indonesia,USDC
885,0.8215215698120842,11357.778153800402,904,S3_twin_shock,indonesia,USDC
886,0.8276679317627537,11073.833699955394,904,S3_twin_shock,indonesia,USDC
887,0.8217273135573799,10796.987857456508,904,S3_twin_shock,indonesia,USDC
888,0.8239215918984921,10527.063161020094,904,S3_twin_shock,indonesia,USDC
889,0.7913601526132163,10263.886581994593,904,S3_twin_shock,indonesia,USDC
890,0.8209530393376062,10007.289417444728,904,S3_twin_shock,indonesia,USDC
891,0.8390159192988866,9757.10718200861,904,S3_twin_shock,indonesia,USDC
892,0.8362017403753024,9513.179502458395,904,S3_twin_shock,indonesia,USDC
893,0.8539218564068118,9275.350014896936,904,S3_twin_shock,indonesia,USDC
894,0.8497944751534796,9043.466264524512,904,S3_twin_shock,indonesia,USDC
895,0.8523634464534493,8817.379607911398,904,S3_twin_shock,indonesia,USDC
896,0.8600797639783334,8596.945117713614,904,S3_twin_shock,indonesia,USDC
897,0.84531314942379,8382.021489770774,904,S3_twin_shock,indonesia,USDC
898,0.8342630759652696,8172.470952526504,904,S3_twin_shock,indonesia,USDC
899,0.82403271121733,7968.159178713341,904,S3_twin_shock,indonesia,USDC
900,0.8149265782970474,7768.955199245507,904,S3_twin_shock,indonesia,USDC
901,0.8258892017897421,7574.7313192643705,904,S3_twin_shock,indonesia,USDC
902,0.8410206103689458,7385.363036282761,904,S3_twin_shock,indonesia,USDC
903,0.8174104393049434,7200.728960375693,904,S3_twin_shock,indonesia,USDC
904,0.8096820316566454,7020.7107363663,904,S3_twin_shock,indonesia,USDC
905,0.7924463492868814,6845.192967957142,904,S3_twin_shock,indonesia,USDC
906,0.7911219648143436,6674.063143758212,904,S3_twin_shock,indonesia,USDC
907,0.7794176389456081,6507.211565164258,904,S3_twin_shock,indonesia,USDC
908,0.7842133104149923,6344.531276035151,904,S3_twin_shock,indonesia,USDC
909,0.7770385224449456,6185.917994134273,904,S3_twin_shock,indonesia,USDC
910,0.7737932520086466,6031.2700442809155,904,S3_twin_shock,indonesia,USDC
911,0.7826897992938622,5880.488293173893,904,S3_twin_shock,indonesia,USDC
912,0.7663571161983624,5733.476085844545,904,S3_twin_shock,indonesia,USDC
913,0.7669587515601779,5590.139183698431,904,S3_twin_shock,indonesia,USDC
914,0.776596643585601,5450.385704105971,904,S3_twin_shock,indonesia,USDC
915,0.7771196636607051,5314.126061503322,904,S3_twin_shock,indonesia,USDC
916,0.7801532523017326,5181.272909965738,904,S3_twin_shock,indonesia,USDC
917,0.7893263384099786,5051.741087216595,904,S3_twin_shock,indonesia,USDC
918,0.7598701821570127,4925.44756003618,904,S3_twin_shock,indonesia,USDC
919,0.7464737966430453,4802.311371035276,904,S3_twin_shock,indonesia,USDC
920,0.7543647772780114,4682.253586759393,904,S3_twin_shock,indonesia,USDC
921,0.7353170268284484,4565.197247090409,904,S3_twin_shock,indonesia,USDC
922,0.7423521132322715,4451.067315913148,904,S3_twin_shock,indonesia,USDC
923,0.7403257837889371,4339.79063301532,904,S3_twin_shock,indonesia,USDC
924,0.738106609838089,4231.295867189937,904,S3_twin_shock,indonesia,USDC
925,0.769858961643885,4125.513470510188,904,S3_twin_shock,indonesia,USDC
926,0.7861146890118247,4022.3756337474333,904,S3_twin_shock,indonesia,USDC
927,0.762909185641065,3921.8162429037475,904,S3_twin_shock,indonesia,USDC
928,0.761196925054102,3823.770836831154,904,S3_twin_shock,indonesia,USDC
929,0.7507608022428015,3728.1765659103758,904,S3_twin_shock,indonesia,USDC
930,0.7546937536669678,3634.972151762616,904,S3_twin_shock,indonesia,USDC
931,0.7614246493423134,3544.097847968551,904,S3_twin_shock,indonesia,USDC
932,0.7798184165998352,3455.495401769337,904,S3_twin_shock,indonesia,USDC
933,0.7731360871387012,3369.108016725104,904,S3_twin_shock,indonesia,USDC
934,0.7961212220989724,3284.880316306976,904,S3_twin_shock,indonesia,USDC
935,0.7992674761535974,3202.7583083993013,904,S3_twin_shock,indonesia,USDC
936,0.8085042783652401,3122.6893506893193,904,S3_twin_shock,indonesia,USDC
937,0.8124140013968135,3044.6221169220858,904,S3_twin_shock,indonesia,USDC
938,0.8200141512237037,2968.5065639990335,904,S3_twin_shock,indonesia,USDC
939,0.8150646887841956,2894.2938998990576,904,S3_twin_shock,indonesia,USDC
940,0.8049084316607077,2821.936552401581,904,S3_twin_shock,indonesia,USDC
941,0.8094902771162896,2751.388138591542,904,S3_twin_shock,indonesia,USDC
942,0.8309134549835946,2682.603435126753,904,S3_twin_shock,indonesia,USDC
943,0.8309095847702709,2615.5383492485844,904,S3_twin_shock,indonesia,USDC
944,0.8373994443908276,2550.14989051737,904,S3_twin_shock,indonesia,USDC
945,0.8240382717849511,2486.3961432544356,904,S3_twin_shock,indonesia,USDC
946,0.8054324869232118,2424.2362396730746,904,S3_twin_shock,indonesia,USDC
947,0.803593557333168,2363.6303336812475,904,S3_twin_shock,indonesia,USDC
948,0.8172270429548457,2304.5395753392168,904,S3_twin_shock,indonesia,USDC
949,0.8064075225353199,2246.926085955736,904,S3_twin_shock,indonesia,USDC
950,0.803949445288797,2190.7529338068425,904,S3_twin_shock,indonesia,USDC
951,0.8118709891262098,2135.9841104616717,904,S3_twin_shock,indonesia,USDC
952,0.7857659687581244,2082.58450770013,904,S3_twin_shock,indonesia,USDC
953,0.8119589315936043,2030.5198950076267,904,S3_twin_shock,indonesia,USDC
954,0.8147003794421409,1979.756897632436,904,S3_twin_shock,indonesia,USDC
955,0.8176513531976906,1930.2629751916252,904,S3_twin_shock,indonesia,USDC
956,0.811139594217745,1882.0064008118345,904,S3_twin_shock,indonesia,USDC
957,0.8142849188240682,1834.9562407915387,904,S3_twin_shock,indonesia,USDC
958,0.8100273379246652,1789.08233477175,904,S3_twin_shock,indonesia,USDC
959,0.8264621968451771,1744.3552764024562,904,S3_twin_shock,indonesia,USDC
960,0.8036219955810678,1700.7463944923952,904,S3_twin_shock,indonesia,USDC
961,0.8196991622798362,1658.2277346300853,904,S3_twin_shock,indonesia,USDC
962,0.8198557978058812,1616.772041264333,904,S3_twin_shock,indonesia,USDC
963,0.8192237674964298,1576.3527402327245,904,S3_twin_shock,indonesia,USDC
964,0.8200764930701555,1536.9439217269064,904,S3_twin_shock,indonesia,USDC
965,0.8197342492075979,1498.5203236837337,904,S3_twin_shock,indonesia,USDC
966,0.7928633714003827,1461.0573155916404,904,S3_twin_shock,indonesia,USDC
967,0.8189855002673722,1424.5308827018494,904,S3_twin_shock,indonesia,USDC
968,0.824870150323544,1388.9176106343032,904,S3_twin_shock,indonesia,USDC
969,0.8136553208344314,1354.1946703684455,904,S3_twin_shock,indonesia,USDC
970,0.8221211864022182,1320.3398036092344,904,S3_twin_shock,indonesia,USDC
971,0.7798025314482414,1287.3313085190036,904,S3_twin_shock,indonesia,USDC
972,0.7692872610238746,1255.1480258060285,904,S3_twin_shock,indonesia,USDC
973,0.7536174072443406,1223.7693251608778,904,S3_twin_shock,indonesia,USDC
974,0.7606557512860019,1193.1750920318557,904,S3_twin_shock,indonesia,USDC
975,0.7725919093979687,1163.3457147310594,904,S3_twin_shock,indonesia,USDC
976,0.7671103803021562,1134.262071862783,904,S3_twin_shock,indonesia,USDC
977,0.772040472718415,1105.9055200662133,904,S3_twin_shock,indonesia,USDC
978,0.7656715543179686,1078.2578820645579,904,S3_twin_shock,indonesia,USDC
979,0.7535385399649756,1051.3014350129438,904,S3_twin_shock,indonesia,USDC
980,0.7660243772573404,1025.0188991376203,904,S3_twin_shock,indonesia,USDC
981,0.7377995386057278,999.3934266591798,904,S3_twin_shock,indonesia,USDC
982,0.7493205059132483,974.4085909927003,904,S3_twin_shock,indonesia,USDC
983,0.7750945355386099,950.0483762178828,904,S3_twin_shock,indonesia,USDC
984,0.7816376392681218,926.2971668124358,904,S3_twin_shock,indonesia,USDC
985,0.7824329500239366,903.1397376421248,904,S3_twin_shock,indonesia,USDC
986,0.7650497697728282,880.5612442010718,904,S3_twin_shock,indonesia,USDC
987,0.75235269413213,858.547213096045,904,S3_twin_shock,indonesia,USDC
988,0.7332390553630248,837.0835327686436,904,S3_twin_shock,indonesia,USDC
989,0.7476406602892277,816.1564444494277,904,S3_twin_shock,indonesia,USDC
990,0.725360509522268,795.7525333381919,904,S3_twin_shock,indonesia,USDC
991,0.7368245417358785,775.858720004737,904,S3_twin_shock,indonesia,USDC
992,0.742756805388528,756.4622520046187,904,S3_twin_shock,indonesia,USDC
993,0.7429114919378942,737.5506957045033,904,S3_twin_shock,indonesia,USDC
994,0.7493216028488072,719.1119283118907,904,S3_twin_shock,indonesia,USDC
995,0.7247828466562458,701.1341301040934,904,S3_twin_shock,indonesia,USDC
996,0.726257662349564,683.6057768514911,904,S3_twin_shock,indonesia,USDC
997,0.7251629608781598,666.5156324302038,904,S3_twin_shock,indonesia,USDC
998,0.7200464963835301,649.8527416194487,904,S3_twin_shock,indonesia,USDC
999,0.7364928632707087,633.6064230789625,904,S3_twin_shock,indonesia,USDC
1000,0.7358097248789549,617.7662625019884,904,S3_twin_shock,indonesia,USDC
