Step,price,liquidity,iteration,scenario,region,coin
1,0.9912422539568244,2988892505905.683,499,S5_twin_shock_imf_bailout,indonesia,USDC
2,0.9791454199296646,2988892505905.683,499,S5_twin_shock_imf_bailout,indonesia,USDC
3,0.9702194907492346,2988892505905.683,499,S5_twin_shock_imf_bailout,indonesia,USDC
4,0.9554475789830049,2988892505905.683,499,S5_twin_shock_imf_bailout,indonesia,USDC
5,0.9615062776099764,2987992356152.0547,499,S5_twin_shock_imf_bailout,indonesia,USDC
6,0.9529952859276027,2987474853346.6064,499,S5_twin_shock_imf_bailout,indonesia,USDC
7,0.9448871237802339,2986484841510.7305,499,S5_twin_shock_imf_bailout,indonesia,USDC
8,0.980032932156989,2985008341333.24,499,S5_twin_shock_imf_bailout,indonesia,USDC
9,0.982705277382065,2985008341333.24,499,S5_twin_shock_imf_bailout,indonesia,USDC
10,0.9745564714373534,2985008341333.24,499,S5_twin_shock_imf_bailout,indonesia,USDC
11,1.0183454219668358,2985008341333.24,499,S5_twin_shock_imf_bailout,indonesia,USDC
12,1.0013796324755302,2985008341333.24,499,S5_twin_shock_imf_bailout,indonesia,USDC
13,1.000563607916075,2985008341333.24,499,S5_twin_shock_imf_bailout,indonesia,USDC
14,0.981820528315132,2985008341333.24,499,S5_twin_shock_imf_bailout,indonesia,USDC
15,0.9489908378966637,2985008341333.24,499,S5_twin_shock_imf_bailout,indonesia,USDC
16,0.9599261867282551,2983833354034.693,499,S5_twin_shock_imf_bailout,indonesia,USDC
17,0.9656131319373016,2983262772751.1436,499,S5_twin_shock_imf_bailout,indonesia,USDC
18,0.9937098374222497,2983026084331.1987,499,S5_twin_shock_imf_bailout,indonesia,USDC
19,0.988893812714285,2983026084331.1987,499,S5_twin_shock_imf_bailout,indonesia,USDC
20,1.0062003398750468,2983026084331.1987,499,S5_twin_shock_imf_bailout,indonesia,USDC
21,0.9706697841099923,2983026084331.1987,499,S5_twin_shock_imf_bailout,indonesia,USDC
22,0.9654207577098283,2983026084331.1987,499,S5_twin_shock_imf_bailout,indonesia,USDC
23,0.9422666876690579,2982798653593.866,499,S5_twin_shock_imf_bailout,indonesia,USDC
24,0.9423804592640703,2981257420572.841,499,S5_twin_shock_imf_bailout,indonesia,USDC
25,0.9782412205346149,2979766394909.147,499,S5_twin_shock_imf_bailout,indonesia,USDC
26,0.9688367507158647,2979766394909.147,499,S5_twin_shock_imf_bailout,indonesia,USDC
27,0.9764905313760978,2979713936830.8447,499,S5_twin_shock_imf_bailout,indonesia,USDC
28,0.9823785872546736,2979713936830.8447,499,S5_twin_shock_imf_bailout,indonesia,USDC
29,1.0085185320528482,2979713936830.8447,499,S5_twin_shock_imf_bailout,indonesia,USDC
30,1.0158027081135796,2979713936830.8447,499,S5_twin_shock_imf_bailout,indonesia,USDC
31,1.0096103929010245,2979713936830.8447,499,S5_twin_shock_imf_bailout,indonesia,USDC
32,1.0175796156676509,2979713936830.8447,499,S5_twin_shock_imf_bailout,indonesia,USDC
33,1.0353248293405288,2979713936830.8447,499,S5_twin_shock_imf_bailout,indonesia,USDC
34,1.018091641466607,2979713936830.8447,499,S5_twin_shock_imf_bailout,indonesia,USDC
35,1.0132728545177645,2979713936830.8447,499,S5_twin_shock_imf_bailout,indonesia,USDC
36,1.0019635170627383,2979713936830.8447,499,S5_twin_shock_imf_bailout,indonesia,USDC
37,0.9966844096730625,2979713936830.8447,499,S5_twin_shock_imf_bailout,indonesia,USDC
38,0.9946842322126341,2979713936830.8447,499,S5_twin_shock_imf_bailout,indonesia,USDC
39,1.00121875694067,2979713936830.8447,499,S5_twin_shock_imf_bailout,indonesia,USDC
40,0.9934314522961032,2979713936830.8447,499,S5_twin_shock_imf_bailout,indonesia,USDC
41,0.999097485935934,2979713936830.8447,499,S5_twin_shock_imf_bailout,indonesia,USDC
42,0.9860183961131703,2979713936830.8447,499,S5_twin_shock_imf_bailout,indonesia,USDC
43,1.007704100166617,2979713936830.8447,499,S5_twin_shock_imf_bailout,indonesia,USDC
44,1.03162654571205,2979713936830.8447,499,S5_twin_shock_imf_bailout,indonesia,USDC
45,1.0612347229678716,2979713936830.8447,499,S5_twin_shock_imf_bailout,indonesia,USDC
46,1.0709426433779135,2979713936830.8447,499,S5_twin_shock_imf_bailout,indonesia,USDC
47,1.1135534805507985,2979713936830.8447,499,S5_twin_shock_imf_bailout,indonesia,USDC
48,1.0678167772991694,2979713936830.8447,499,S5_twin_shock_imf_bailout,indonesia,USDC
49,1.0799467712747115,2979713936830.8447,499,S5_twin_shock_imf_bailout,indonesia,USDC
50,1.1005994806676584,2979713936830.8447,499,S5_twin_shock_imf_bailout,indonesia,USDC
51,1.089187904155044,2979713936830.8447,499,S5_twin_shock_imf_bailout,indonesia,USDC
52,1.083503064048139,2979713936830.8447,499,S5_twin_shock_imf_bailout,indonesia,USDC
53,1.059015350641559,2979713936830.8447,499,S5_twin_shock_imf_bailout,indonesia,USDC
54,1.0757527989557036,2979713936830.8447,499,S5_twin_shock_imf_bailout,indonesia,USDC
55,1.036939582184131,2979713936830.8447,499,S5_twin_shock_imf_bailout,indonesia,USDC
56,1.0663535875363397,2979713936830.8447,499,S5_twin_shock_imf_bailout,indonesia,USDC
57,1.0444198311810955,2979713936830.8447,499,S5_twin_shock_imf_bailout,indonesia,USDC
58,1.0388685766641006,2979713936830.8447,499,S5_twin_shock_imf_bailout,indonesia,USDC
59,1.0414399485514758,2979713936830.8447,499,S5_twin_shock_imf_bailout,indonesia,USDC
60,1.050064035571924,2979713936830.8447,499,S5_twin_shock_imf_bailout,indonesia,USDC
61,1.0513337323144303,2979713936830.8447,499,S5_twin_shock_imf_bailout,indonesia,USDC
62,1.0140731156755887,2979713936830.8447,499,S5_twin_shock_imf_bailout,indonesia,USDC
63,1.0102436943098205,2979713936830.8447,499,S5_twin_shock_imf_bailout,indonesia,USDC
64,0.9918722769078261,2979713936830.8447,499,S5_twin_shock_imf_bailout,indonesia,USDC
65,1.0149339827426915,2979713936830.8447,499,S5_twin_shock_imf_bailout,indonesia,USDC
66,1.0336354585405092,2979713936830.8447,499,S5_twin_shock_imf_bailout,indonesia,USDC
67,1.0321523072683927,2979713936830.8447,499,S5_twin_shock_imf_bailout,indonesia,USDC
68,1.0163415453598321,2979713936830.8447,499,S5_twin_shock_imf_bailout,indonesia,USDC
69,1.0275014412955619,2979713936830.8447,499,S5_twin_shock_imf_bailout,indonesia,USDC
70,1.0300719266618463,2979713936830.8447,499,S5_twin_shock_imf_bailout,indonesia,USDC
71,1.028056162575887,2979713936830.8447,499,S5_twin_shock_imf_bailout,indonesia,USDC
72,1.0227459008779125,2979713936830.8447,499,S5_twin_shock_imf_bailout,indonesia,USDC
73,1.0352477446375885,2979713936830.8447,499,S5_twin_shock_imf_bailout,indonesia,USDC
74,1.0925561267306978,2979713936830.8447,499,S5_twin_shock_imf_bailout,indonesia,USDC
75,1.0569299802050327,2979713936830.8447,499,S5_twin_shock_imf_bailout,indonesia,USDC
76,1.0168220787601778,2979713936830.8447,499,S5_twin_shock_imf_bailout,indonesia,USDC
77,1.0274947782140667,2979713936830.8447,499,S5_twin_shock_imf_bailout,indonesia,USDC
78,0.999520041817421,2979713936830.8447,499,S5_twin_shock_imf_bailout,indonesia,USDC
79,1.0014995551758108,2979713936830.8447,499,S5_twin_shock_imf_bailout,indonesia,USDC
80,1.0399048837392602,2979713936830.8447,499,S5_twin_shock_imf_bailout,indonesia,USDC
81,1.0628007053917372,2979713936830.8447,499,S5_twin_shock_imf_bailout,indonesia,USDC
82,1.0424708643447815,2979713936830.8447,499,S5_twin_shock_imf_bailout,indonesia,USDC
83,1.0492027907917052,2979713936830.8447,499,S5_twin_shock_imf_bailout,indonesia,USDC
84,1.0755899609975814,2979713936830.8447,499,S5_twin_shock_imf_bailout,indonesia,USDC
85,1.0438734782102657,2979713936830.8447,499,S5_twin_shock_imf_bailout,indonesia,USDC
86,1.0723477732554771,2979713936830.8447,499,S5_twin_shock_imf_bailout,indonesia,USDC
87,1.1020467852070819,2979713936830.8447,499,S5_twin_shock_imf_bailout,indonesia,USDC
88,1.085913907145029,2979713936830.8447,499,S5_twin_shock_imf_bailout,indonesia,USDC
89,1.0694418553604386,2979713936830.8447,499,S5_twin_shock_imf_bailout,indonesia,USDC
90,1.0917568163493028,2979713936830.8447,499,S5_twin_shock_imf_bailout,indonesia,USDC
91,1.095714402053209,2979713936830.8447,499,S5_twin_shock_imf_bailout,indonesia,USDC
92,1.0921179979454485,2979713936830.8447,499,S5_twin_shock_imf_bailout,indonesia,USDC
93,1.078390542891377,2979713936830.8447,499,S5_twin_shock_imf_bailout,indonesia,USDC
94,1.022255118933455,2979713936830.8447,499,S5_twin_shock_imf_bailout,indonesia,USDC
95,1.0034571582799903,2979713936830.8447,499,S5_twin_shock_imf_bailout,indonesia,USDC
96,0.9841670509030251,2979713936830.8447,499,S5_twin_shock_imf_bailout,indonesia,USDC
97,1.017248836535485,2979713936830.8447,499,S5_twin_shock_imf_bailout,indonesia,USDC
98,0.9784126652298271,2979713936830.8447,499,S5_twin_shock_imf_bailout,indonesia,USDC
99,0.9638597953743584,2979713936830.8447,499,S5_twin_shock_imf_bailout,indonesia,USDC
100,0.9749001574183834,2979423771208.755,499,S5_twin_shock_imf_bailout,indonesia,USDC
101,0.8350911812031918,2979423771208.755,499,S5_twin_shock_imf_bailout,indonesia,USDC
102,0.866058796215691,2972682085218.5664,499,S5_twin_shock_imf_bailout,indonesia,USDC
103,0.8805478645718204,2968292105694.163,499,S5_twin_shock_imf_bailout,indonesia,USDC
104,0.8876353973155596,2964658725966.23,499,S5_twin_shock_imf_bailout,indonesia,USDC
105,0.9072979670476865,2961690391862.5894,499,S5_twin_shock_imf_bailout,indonesia,USDC
106,0.9139739896330401,2959622573882.832,499,S5_twin_shock_imf_bailout,indonesia,USDC
107,0.9784384459298784,2957938300180.0444,499,S5_twin_shock_imf_bailout,indonesia,USDC
108,0.9715516050868512,2957938300180.0444,499,S5_twin_shock_imf_bailout,indonesia,USDC
109,0.9560763862670835,2957938300180.0444,499,S5_twin_shock_imf_bailout,indonesia,USDC
110,1.0110357078236274,2957565251656.2695,499,S5_twin_shock_imf_bailout,indonesia,USDC
111,1.000148290131815,2957565251656.2695,499,S5_twin_shock_imf_bailout,indonesia,USDC
112,0.9946576201682351,2957565251656.2695,499,S5_twin_shock_imf_bailout,indonesia,USDC
113,0.9981688429165112,2957565251656.2695,499,S5_twin_shock_imf_bailout,indonesia,USDC
114,0.9956311359765128,2957565251656.2695,499,S5_twin_shock_imf_bailout,indonesia,USDC
115,0.9727040763647615,2957565251656.2695,499,S5_twin_shock_imf_bailout,indonesia,USDC
116,0.9732495029915033,2957565251656.2695,499,S5_twin_shock_imf_bailout,indonesia,USDC
117,0.9830150972493706,2957565251656.2695,499,S5_twin_shock_imf_bailout,indonesia,USDC
118,0.9596996185644779,2957565251656.2695,499,S5_twin_shock_imf_bailout,indonesia,USDC
119,0.9729698582687477,2957300454220.785,499,S5_twin_shock_imf_bailout,indonesia,USDC
120,1.0005796370543085,2957300454220.785,499,S5_twin_shock_imf_bailout,indonesia,USDC
121,600000.9809911917,2883407942865.2656,499,S5_twin_shock_imf_bailout,indonesia,USDC
122,480001.95,2811354744293.634,499,S5_twin_shock_imf_bailout,indonesia,USDC
123,384001.95,2741096475686.293,499,S5_twin_shock_imf_bailout,indonesia,USDC
124,307201.95,2672589543794.1357,499,S5_twin_shock_imf_bailout,indonesia,USDC
125,245761.95,2605791189199.282,499,S5_twin_shock_imf_bailout,indonesia,USDC
126,196609.95,2540659516669.3,499,S5_twin_shock_imf_bailout,indonesia,USDC
127,157288.35,2477153514512.5674,499,S5_twin_shock_imf_bailout,indonesia,USDC
128,125831.06999999999,2415233065257.753,499,S5_twin_shock_imf_bailout,indonesia,USDC
129,100665.246,2354858949512.7095,499,S5_twin_shock_imf_bailout,indonesia,USDC
130,80532.5868,2295992844484.0117,499,S5_twin_shock_imf_bailout,indonesia,USDC
131,64426.45944,2238597318339.2075,499,S5_twin_shock_imf_bailout,indonesia,USDC
132,51541.557552,2182635821354.564,499,S5_twin_shock_imf_bailout,indonesia,USDC
133,41233.6360416,2128072674599.7693,499,S5_twin_shock_imf_bailout,indonesia,USDC
134,32987.29883328,2074873056758.0305,499,S5_twin_shock_imf_bailout,indonesia,USDC
135,26390.229066624004,2023002989557.6843,499,S5_twin_shock_imf_bailout,indonesia,USDC
136,21112.573253299208,1972429322193.6255,499,S5_twin_shock_imf_bailout,indonesia,USDC
137,16890.448602639364,1923119715038.692,499,S5_twin_shock_imf_bailout,indonesia,USDC
138,13512.748882111493,1875042622882.65,499,S5_twin_shock_imf_bailout,indonesia,USDC
139,10810.589105689196,1828167277886.5244,499,S5_twin_shock_imf_bailout,indonesia,USDC
140,8648.861284551356,1782463672400.1133,499,S5_twin_shock_imf_bailout,indonesia,USDC
141,6919.479027641083,1737902541758.7124,499,S5_twin_shock_imf_bailout,indonesia,USDC
142,5535.973222112866,1694455347149.626,499,S5_twin_shock_imf_bailout,indonesia,USDC
143,4429.168577690293,1652094258618.7905,499,S5_twin_shock_imf_bailout,indonesia,USDC
144,3543.724862152234,1610792138271.645,499,S5_twin_shock_imf_bailout,indonesia,USDC
145,2835.3698897217873,1570522523709.5132,499,S5_twin_shock_imf_bailout,indonesia,USDC
146,2268.6859117774297,1531259611732.5027,499,S5_twin_shock_imf_bailout,indonesia,USDC
147,1815.338729421944,1492978242331.7722,499,S5_twin_shock_imf_bailout,indonesia,USDC
148,1452.6609835375552,1455653882987.5435,499,S5_twin_shock_imf_bailout,indonesia,USDC
149,1162.518786830044,1419262613284.1074,499,S5_twin_shock_imf_bailout,indonesia,USDC
150,930.4050294640354,1383781109849.0066,499,S5_twin_shock_imf_bailout,indonesia,USDC
151,744.7140235712283,1349186631620.383,499,S5_twin_shock_imf_bailout,indonesia,USDC
152,596.1612188569826,1315457005443.9546,499,S5_twin_shock_imf_bailout,indonesia,USDC
153,477.3189750855861,1282570611999.1208,499,S5_twin_shock_imf_bailout,indonesia,USDC
154,382.24518006846887,1250506372052.1548,499,S5_twin_shock_imf_bailout,indonesia,USDC
155,306.1861440547751,1219243733033.2607,499,S5_twin_shock_imf_bailout,indonesia,USDC
156,245.3389152438201,1188762655933.357,499,S5_twin_shock_imf_bailout,indonesia,USDC
157,196.66113219505607,1159043602515.7651,499,S5_twin_shock_imf_bailout,indonesia,USDC
158,157.71890575604485,1130067522837.4648,499,S5_twin_shock_imf_bailout,indonesia,USDC
159,126.5651246048359,1101815843074.2031,499,S5_twin_shock_imf_bailout,indonesia,USDC
160,101.64209968386872,1074270453643.488,499,S5_twin_shock_imf_bailout,indonesia,USDC
161,81.70367974709498,1047413697619.313,499,S5_twin_shock_imf_bailout,indonesia,USDC
162,65.75294379767598,1021228359432.3597,499,S5_twin_shock_imf_bailout,indonesia,USDC
163,52.99235503814079,995697653849.3743,499,S5_twin_shock_imf_bailout,indonesia,USDC
164,42.78388403051264,970805215225.3987,499,S5_twin_shock_imf_bailout,indonesia,USDC
165,34.61710722441011,946535087022.571,499,S5_twin_shock_imf_bailout,indonesia,USDC
166,28.083685779528086,922871711589.2527,499,S5_twin_shock_imf_bailout,indonesia,USDC
167,22.85694862362247,899799920193.3179,499,S5_twin_shock_imf_bailout,indonesia,USDC
168,18.675558898897975,877304923303.5222,499,S5_twin_shock_imf_bailout,indonesia,USDC
169,15.330447119118379,855372301112.9639,499,S5_twin_shock_imf_bailout,indonesia,USDC
170,12.654357695294703,833987994298.7637,499,S5_twin_shock_imf_bailout,indonesia,USDC
171,10.513486156235762,813138295012.1937,499,S5_twin_shock_imf_bailout,indonesia,USDC
172,8.800788924988609,792809838093.608,499,S5_twin_shock_imf_bailout,indonesia,USDC
173,7.430631139990888,772989592506.6433,499,S5_twin_shock_imf_bailout,indonesia,USDC
174,6.334504911992711,753664852986.2776,499,S5_twin_shock_imf_bailout,indonesia,USDC
175,5.457603929594168,734823231895.4608,499,S5_twin_shock_imf_bailout,indonesia,USDC
176,4.756083143675334,716452651285.1465,499,S5_twin_shock_imf_bailout,indonesia,USDC
177,4.1948665149402675,698541335152.6757,499,S5_twin_shock_imf_bailout,indonesia,USDC
178,3.745893211952214,681077801893.585,499,S5_twin_shock_imf_bailout,indonesia,USDC
179,3.3867145695617715,664050856942.0264,499,S5_twin_shock_imf_bailout,indonesia,USDC
180,3.099371655649417,647449585595.1006,499,S5_twin_shock_imf_bailout,indonesia,USDC
181,2.8694973245195334,631263346016.523,499,S5_twin_shock_imf_bailout,indonesia,USDC
182,2.685597859615627,615481762415.1497,499,S5_twin_shock_imf_bailout,indonesia,USDC
183,2.5384782876925014,600094718394.0028,499,S5_twin_shock_imf_bailout,indonesia,USDC
184,2.420782630154001,585092350465.5382,499,S5_twin_shock_imf_bailout,indonesia,USDC
185,2.326626104123201,570465041729.0082,499,S5_twin_shock_imf_bailout,indonesia,USDC
186,2.2513008832985606,556203415705.8696,499,S5_twin_shock_imf_bailout,indonesia,USDC
187,2.1910407066388484,542298330329.29236,499,S5_twin_shock_imf_bailout,indonesia,USDC
188,2.1428325653110787,528740872083.9155,499,S5_twin_shock_imf_bailout,indonesia,USDC
189,2.104266052248863,515522350292.10205,499,S5_twin_shock_imf_bailout,indonesia,USDC
190,2.05985240423514,502634291543.027,499,S5_twin_shock_imf_bailout,indonesia,USDC
191,2.0487302734392725,490068434261.0333,499,S5_twin_shock_imf_bailout,indonesia,USDC
192,1.9399334836020863,477816723409.7732,499,S5_twin_shock_imf_bailout,indonesia,USDC
193,1.8032775166302053,465871305328.74133,499,S5_twin_shock_imf_bailout,indonesia,USDC
194,1.7590264787209338,454224522698.89276,499,S5_twin_shock_imf_bailout,indonesia,USDC
195,1.680020965982542,442868909634.11633,499,S5_twin_shock_imf_bailout,indonesia,USDC
196,1.6096673933085544,431797186895.4203,499,S5_twin_shock_imf_bailout,indonesia,USDC
197,1.5476920898337103,421002257224.76025,499,S5_twin_shock_imf_bailout,indonesia,USDC
198,1.4645972024702716,410477200795.5215,499,S5_twin_shock_imf_bailout,indonesia,USDC
199,1.4064080753150485,400215270776.73773,499,S5_twin_shock_imf_bailout,indonesia,USDC
200,1.3661567726661703,390209889008.20276,499,S5_twin_shock_imf_bailout,indonesia,USDC
201,1.257597564655619,380454641783.70435,499,S5_twin_shock_imf_bailout,indonesia,USDC
202,1.214350716663373,370943275739.6771,499,S5_twin_shock_imf_bailout,indonesia,USDC
203,1.1631061032594234,361669693846.6375,499,S5_twin_shock_imf_bailout,indonesia,USDC
204,1.1514944799860796,352627951500.8335,499,S5_twin_shock_imf_bailout,indonesia,USDC
205,1.06953238443438,343812252713.6021,499,S5_twin_shock_imf_bailout,indonesia,USDC
206,1.0282905132722755,335216946395.99365,499,S5_twin_shock_imf_bailout,indonesia,USDC
207,0.9824268377512989,326836522736.27905,499,S5_twin_shock_imf_bailout,indonesia,USDC
208,0.968657319793281,318665609668.02026,499,S5_twin_shock_imf_bailout,indonesia,USDC
209,0.9331978816885901,310698969426.43835,499,S5_twin_shock_imf_bailout,indonesia,USDC
210,0.9014221463168992,301880633481.5888,499,S5_twin_shock_imf_bailout,indonesia,USDC
211,0.8984737813648195,292449714160.7332,499,S5_twin_shock_imf_bailout,indonesia,USDC
212,0.9147104626879716,283442081586.38916,499,S5_twin_shock_imf_bailout,indonesia,USDC
213,0.8871681189622809,275075054352.82196,499,S5_twin_shock_imf_bailout,indonesia,USDC
214,0.8775710890725164,266464530343.16754,499,S5_twin_shock_imf_bailout,indonesia,USDC
215,0.8934381295166269,257976538197.43817,499,S5_twin_shock_imf_bailout,indonesia,USDC
216,0.8767779650350693,250088583002.51392,499,S5_twin_shock_imf_bailout,indonesia,USDC
217,0.8701873376781799,242329671164.26248,499,S5_twin_shock_imf_bailout,indonesia,USDC
218,0.8652662709343053,234733041436.97906,499,S5_twin_shock_imf_bailout,indonesia,USDC
219,0.8277705471377713,227380955251.63812,499,S5_twin_shock_imf_bailout,indonesia,USDC
220,0.8308010577415983,220007857444.34546,499,S5_twin_shock_imf_bailout,indonesia,USDC
221,0.8176583057081799,213052235452.9314,499,S5_twin_shock_imf_bailout,indonesia,USDC
222,0.8196165288938242,206323200055.97577,499,S5_twin_shock_imf_bailout,indonesia,USDC
223,0.8455274588394055,199993363175.1024,499,S5_twin_shock_imf_bailout,indonesia,USDC
224,0.7988366820596607,194171740095.22208,499,S5_twin_shock_imf_bailout,indonesia,USDC
225,0.7693653625674187,188308477479.64175,499,S5_twin_shock_imf_bailout,indonesia,USDC
226,0.791868367700285,182645165134.0884,499,S5_twin_shock_imf_bailout,indonesia,USDC
227,0.7942819118844283,177416605858.7778,499,S5_twin_shock_imf_bailout,indonesia,USDC
228,0.8049986057449819,172443108320.8517,499,S5_twin_shock_imf_bailout,indonesia,USDC
229,0.784071288131909,167697779445.25104,499,S5_twin_shock_imf_bailout,indonesia,USDC
230,0.7805643376650038,163099244080.06274,499,S5_twin_shock_imf_bailout,indonesia,USDC
231,0.7630793004491528,158700286996.10153,499,S5_twin_shock_imf_bailout,indonesia,USDC
232,0.7807285098382437,154441607925.66882,499,S5_twin_shock_imf_bailout,indonesia,USDC
233,0.8077766651279845,150374195680.6955,499,S5_twin_shock_imf_bailout,indonesia,USDC
234,0.806530237184533,146468356630.50247,499,S5_twin_shock_imf_bailout,indonesia,USDC
235,0.8246701235423516,142680758673.0266,499,S5_twin_shock_imf_bailout,indonesia,USDC
236,0.8316074998047591,139022550136.56143,499,S5_twin_shock_imf_bailout,indonesia,USDC
237,0.8247121334628934,135471380678.69794,499,S5_twin_shock_imf_bailout,indonesia,USDC
238,0.8533588442638568,132019276619.6726,499,S5_twin_shock_imf_bailout,indonesia,USDC
239,0.8394578401161844,128672018120.53473,499,S5_twin_shock_imf_bailout,indonesia,USDC
240,0.8402016234270933,125410101924.65833,499,S5_twin_shock_imf_bailout,indonesia,USDC
241,0.8341683292082156,122235910129.86407,499,S5_twin_shock_imf_bailout,indonesia,USDC
242,0.7047780531851916,119144602264.67137,499,S5_twin_shock_imf_bailout,indonesia,USDC
243,0.7235611092938522,116108469711.45746,499,S5_twin_shock_imf_bailout,indonesia,USDC
244,0.7312384680871717,113164553270.34218,499,S5_twin_shock_imf_bailout,indonesia,USDC
245,0.737126035116881,110305486439.31964,499,S5_twin_shock_imf_bailout,indonesia,USDC
246,0.7467086477345088,107526537240.55742,499,S5_twin_shock_imf_bailout,indonesia,USDC
247,0.7495371367577793,104822572452.53922,499,S5_twin_shock_imf_bailout,indonesia,USDC
248,0.7843263313194968,102189795719.79599,499,S5_twin_shock_imf_bailout,indonesia,USDC
249,0.774776505555378,99626981322.44405,499,S5_twin_shock_imf_bailout,indonesia,USDC
250,0.7742819742403672,97128923166.77492,499,S5_twin_shock_imf_bailout,indonesia,USDC
251,0.7588050365960861,94695016709.64662,499,S5_twin_shock_imf_bailout,indonesia,USDC
252,0.7563667485020263,92322596543.39845,499,S5_twin_shock_imf_bailout,indonesia,USDC
253,0.7440563119585769,90010673937.24179,499,S5_twin_shock_imf_bailout,indonesia,USDC
254,0.755442846683449,87757044378.02925,499,S5_twin_shock_imf_bailout,indonesia,USDC
255,0.759724545479412,85560606713.55965,499,S5_twin_shock_imf_bailout,indonesia,USDC
256,0.7659362355940038,83419674563.18086,499,S5_twin_shock_imf_bailout,indonesia,USDC
257,0.776992399830013,81332782358.52591,499,S5_twin_shock_imf_bailout,indonesia,USDC
258,0.7919268247110189,79298385058.02104,499,S5_twin_shock_imf_bailout,indonesia,USDC
259,0.7772463165134488,77315156577.00865,499,S5_twin_shock_imf_bailout,indonesia,USDC
260,0.7593787380851782,75381559928.30447,499,S5_twin_shock_imf_bailout,indonesia,USDC
261,0.7700483610355585,73496402277.06012,499,S5_twin_shock_imf_bailout,indonesia,USDC
262,0.7797775461021954,71658509300.27501,499,S5_twin_shock_imf_bailout,indonesia,USDC
263,0.7756314846315909,69866688627.26993,499,S5_twin_shock_imf_bailout,indonesia,USDC
264,0.7751049157691625,68119720467.521355,499,S5_twin_shock_imf_bailout,indonesia,USDC
265,0.7623599494678945,66416490675.42391,499,S5_twin_shock_imf_bailout,indonesia,USDC
266,0.7578032454824358,64755883832.51273,499,S5_twin_shock_imf_bailout,indonesia,USDC
267,0.7502058002311673,63136824701.891884,499,S5_twin_shock_imf_bailout,indonesia,USDC
268,0.7444771292239416,61558266422.44908,499,S5_twin_shock_imf_bailout,indonesia,USDC
269,0.754936453843079,60019200518.08943,499,S5_twin_shock_imf_bailout,indonesia,USDC
270,0.764958054529823,58518645104.33227,499,S5_twin_shock_imf_bailout,indonesia,USDC
271,0.7607707221472155,57055622140.4155,499,S5_twin_shock_imf_bailout,indonesia,USDC
272,0.7650754522135881,55629185139.62399,499,S5_twin_shock_imf_bailout,indonesia,USDC
273,0.754017985911328,54238418529.7063,499,S5_twin_shock_imf_bailout,indonesia,USDC
274,0.7627983901186314,52882426397.2106,499,S5_twin_shock_imf_bailout,indonesia,USDC
275,0.7564222750767461,51560342459.799995,499,S5_twin_shock_imf_bailout,indonesia,USDC
276,0.7347015613255955,50271315208.93244,499,S5_twin_shock_imf_bailout,indonesia,USDC
277,0.7349873518247028,49014515354.91098,499,S5_twin_shock_imf_bailout,indonesia,USDC
278,0.7488288221829682,47789139792.85337,499,S5_twin_shock_imf_bailout,indonesia,USDC
279,0.7397365284914339,46594401974.5195,499,S5_twin_shock_imf_bailout,indonesia,USDC
280,0.7539483480387489,45429534679.96785,499,S5_twin_shock_imf_bailout,indonesia,USDC
281,0.7469409269311139,44293790721.50164,499,S5_twin_shock_imf_bailout,indonesia,USDC
282,0.7607415744735767,43186441466.44489,499,S5_twin_shock_imf_bailout,indonesia,USDC
283,0.7773894215089886,42106777311.734535,499,S5_twin_shock_imf_bailout,indonesia,USDC
284,0.7772953893038634,41054105651.17249,499,S5_twin_shock_imf_bailout,indonesia,USDC
285,0.7788198507803821,40027751086.91542,499,S5_twin_shock_imf_bailout,indonesia,USDC
286,0.794950794301785,39027055869.41519,499,S5_twin_shock_imf_bailout,indonesia,USDC
287,0.8162371175702328,38051378332.83583,499,S5_twin_shock_imf_bailout,indonesia,USDC
288,0.8118657861413021,37100093102.9967,499,S5_twin_shock_imf_bailout,indonesia,USDC
289,0.8091109200874252,36172590100.03728,499,S5_twin_shock_imf_bailout,indonesia,USDC
290,0.8013676320110241,35268274765.64439,499,S5_twin_shock_imf_bailout,indonesia,USDC
291,0.7881075051668642,34386567359.96338,499,S5_twin_shock_imf_bailout,indonesia,USDC
292,0.8107800404238009,33526902705.398804,499,S5_twin_shock_imf_bailout,indonesia,USDC
293,0.8087507963405106,32688729786.417526,499,S5_twin_shock_imf_bailout,indonesia,USDC
294,0.767856267138323,31871511250.247444,499,S5_twin_shock_imf_bailout,indonesia,USDC
295,0.7711725678315986,31074723156.89459,499,S5_twin_shock_imf_bailout,indonesia,USDC
296,0.7926833446700781,30297854844.369095,499,S5_twin_shock_imf_bailout,indonesia,USDC
297,0.8153292286136704,29540408306.000412,499,S5_twin_shock_imf_bailout,indonesia,USDC
298,0.8010034716261237,28801897975.667564,499,S5_twin_shock_imf_bailout,indonesia,USDC
299,0.8007196469045776,28081850415.42991,499,S5_twin_shock_imf_bailout,indonesia,USDC
300,0.8065822304674181,27379804060.769596,499,S5_twin_shock_imf_bailout,indonesia,USDC
301,0.8065499021723536,26695308882.283318,499,S5_twin_shock_imf_bailout,indonesia,USDC
302,0.8028335419458579,26027926097.457237,499,S5_twin_shock_imf_bailout,indonesia,USDC
303,0.8084770285099152,25377227892.526375,499,S5_twin_shock_imf_bailout,indonesia,USDC
304,0.8242399730640746,24742797152.874104,499,S5_twin_shock_imf_bailout,indonesia,USDC
305,0.8106214101779787,24124227191.985535,499,S5_twin_shock_imf_bailout,indonesia,USDC
306,0.8136721131559945,23521121482.16675,499,S5_twin_shock_imf_bailout,indonesia,USDC
307,0.7828522059956882,22933093420.833206,499,S5_twin_shock_imf_bailout,indonesia,USDC
308,0.7916119059143198,22359766059.088734,499,S5_twin_shock_imf_bailout,indonesia,USDC
309,0.80396001984638,21800771887.829105,499,S5_twin_shock_imf_bailout,indonesia,USDC
310,0.7806681543079246,21255752575.846855,499,S5_twin_shock_imf_bailout,indonesia,USDC
311,0.7648260886828928,20724358746.786957,499,S5_twin_shock_imf_bailout,indonesia,USDC
312,0.7653003579840233,20206249765.571716,499,S5_twin_shock_imf_bailout,indonesia,USDC
313,0.7851311750299341,19701093511.320454,499,S5_twin_shock_imf_bailout,indonesia,USDC
314,0.7734993923706853,19208566166.3323,499,S5_twin_shock_imf_bailout,indonesia,USDC
315,0.7560505623885329,18728352005.975113,499,S5_twin_shock_imf_bailout,indonesia,USDC
316,0.7365940281369094,18260143200.54507,499,S5_twin_shock_imf_bailout,indonesia,USDC
317,0.7478834039826688,17803639616.01725,499,S5_twin_shock_imf_bailout,indonesia,USDC
318,0.7675780397003977,17358548622.398983,499,S5_twin_shock_imf_bailout,indonesia,USDC
319,0.722689857709967,16924584904.553585,499,S5_twin_shock_imf_bailout,indonesia,USDC
320,0.7294386627713803,16501470279.706043,499,S5_twin_shock_imf_bailout,indonesia,USDC
321,0.7635968099830102,16088933521.105602,499,S5_twin_shock_imf_bailout,indonesia,USDC
322,0.7621946591655657,15686710181.980406,499,S5_twin_shock_imf_bailout,indonesia,USDC
323,0.7845197490388821,15294542426.556553,499,S5_twin_shock_imf_bailout,indonesia,USDC
324,0.8034569580961752,14912178865.300156,499,S5_twin_shock_imf_bailout,indonesia,USDC
325,0.8007936035094065,14539374393.2319,499,S5_twin_shock_imf_bailout,indonesia,USDC
326,0.8076409946222415,14175890033.01423,499,S5_twin_shock_imf_bailout,indonesia,USDC
327,0.8241711200459008,13821492781.881256,499,S5_twin_shock_imf_bailout,indonesia,USDC
328,0.8218817874243722,13475955462.103205,499,S5_twin_shock_imf_bailout,indonesia,USDC
329,0.8244284932445488,13139056575.35891,499,S5_twin_shock_imf_bailout,indonesia,USDC
330,0.8027411372940071,12810580160.813587,499,S5_twin_shock_imf_bailout,indonesia,USDC
331,0.8070165895680029,12490315656.63056,499,S5_twin_shock_imf_bailout,indonesia,USDC
332,0.8027293462791858,12178057765.079716,499,S5_twin_shock_imf_bailout,indonesia,USDC
333,0.7889217195029079,11873606320.834597,499,S5_twin_shock_imf_bailout,indonesia,USDC
334,0.7743915133491373,11576766162.714075,499,S5_twin_shock_imf_bailout,indonesia,USDC
335,0.7506077572560766,11287347008.552002,499,S5_twin_shock_imf_bailout,indonesia,USDC
336,0.7642264755745162,11005163333.258633,499,S5_twin_shock_imf_bailout,indonesia,USDC
337,0.7733742185395152,10730034249.866053,499,S5_twin_shock_imf_bailout,indonesia,USDC
338,0.7729090386714682,10461783393.574116,499,S5_twin_shock_imf_bailout,indonesia,USDC
339,0.8051088325749431,10200238808.698948,499,S5_twin_shock_imf_bailout,indonesia,USDC
340,0.8112487492858824,9945232838.457287,499,S5_twin_shock_imf_bailout,indonesia,USDC
341,0.7807540735522606,9696602017.475471,499,S5_twin_shock_imf_bailout,indonesia,USDC
342,0.7932012372999712,9454186967.01818,499,S5_twin_shock_imf_bailout,indonesia,USDC
343,0.7790145835829039,9217832292.827631,499,S5_twin_shock_imf_bailout,indonesia,USDC
344,0.8084194903364138,8987386485.493189,499,S5_twin_shock_imf_bailout,indonesia,USDC
345,0.8313927699518793,8762701823.34648,499,S5_twin_shock_imf_bailout,indonesia,USDC
346,0.8507328255377236,8543634277.755956,499,S5_twin_shock_imf_bailout,indonesia,USDC
347,0.813434905170038,8330043420.806995,499,S5_twin_shock_imf_bailout,indonesia,USDC
348,0.794596342648027,8121792335.28123,499,S5_twin_shock_imf_bailout,indonesia,USDC
349,0.7750654065316167,7918747526.894005,499,S5_twin_shock_imf_bailout,indonesia,USDC
350,0.7814748135061821,7720778838.716568,499,S5_twin_shock_imf_bailout,indonesia,USDC
351,0.7973214156019355,7527759367.744722,499,S5_twin_shock_imf_bailout,indonesia,USDC
352,0.8025393267185619,7339565383.548262,499,S5_twin_shock_imf_bailout,indonesia,USDC
353,0.7960840397885138,7156076248.957279,499,S5_twin_shock_imf_bailout,indonesia,USDC
354,0.7894455270616201,6977174342.731462,499,S5_twin_shock_imf_bailout,indonesia,USDC
355,0.7818106487515455,6802744984.161511,499,S5_twin_shock_imf_bailout,indonesia,USDC
356,0.7978229738862503,6632676359.55608,499,S5_twin_shock_imf_bailout,indonesia,USDC
357,0.8101700386420606,6466859450.566093,499,S5_twin_shock_imf_bailout,indonesia,USDC
358,0.8206070700003582,6305187964.301093,499,S5_twin_shock_imf_bailout,indonesia,USDC
359,0.7846223000870077,6147558265.19293,499,S5_twin_shock_imf_bailout,indonesia,USDC
360,0.8151024795116123,5993869308.562447,499,S5_twin_shock_imf_bailout,indonesia,USDC
361,0.7906079324184913,5844022575.847916,499,S5_twin_shock_imf_bailout,indonesia,USDC
362,0.7634783892417922,5697922011.451258,499,S5_twin_shock_imf_bailout,indonesia,USDC
363,0.7800028392010957,5555473961.164535,499,S5_twin_shock_imf_bailout,indonesia,USDC
364,0.7751804014388568,5416587112.135106,499,S5_twin_shock_imf_bailout,indonesia,USDC
365,0.7568107241348065,5281172434.331469,499,S5_twin_shock_imf_bailout,indonesia,USDC
366,0.7582157239721176,5149143123.472958,499,S5_twin_shock_imf_bailout,indonesia,USDC
367,0.7685427438610674,5020414545.385955,499,S5_twin_shock_imf_bailout,indonesia,USDC
368,0.7685791777567612,4894904181.751175,499,S5_twin_shock_imf_bailout,indonesia,USDC
369,0.7761818180529626,4772531577.207291,499,S5_twin_shock_imf_bailout,indonesia,USDC
370,0.7821907719196647,4653218287.77703,499,S5_twin_shock_imf_bailout,indonesia,USDC
371,0.78868302955633,4536887830.582538,499,S5_twin_shock_imf_bailout,indonesia,USDC
372,0.7747307295230333,4423465634.817923,499,S5_twin_shock_imf_bailout,indonesia,USDC
373,0.768296996396475,4312878993.94743,499,S5_twin_shock_imf_bailout,indonesia,USDC
374,0.7615605560868705,4205057019.098707,499,S5_twin_shock_imf_bailout,indonesia,USDC
375,0.7789425401263994,4099930593.6212096,499,S5_twin_shock_imf_bailout,indonesia,USDC
376,0.7773982707646959,3997432328.780658,499,S5_twin_shock_imf_bailout,indonesia,USDC
377,0.7617246189201368,3897496520.561124,499,S5_twin_shock_imf_bailout,indonesia,USDC
378,0.7746954956504031,3800059107.547081,499,S5_twin_shock_imf_bailout,indonesia,USDC
379,0.7833632657928986,3705057629.8583922,499,S5_twin_shock_imf_bailout,indonesia,USDC
380,0.801604822688104,3612431189.1119237,499,S5_twin_shock_imf_bailout,indonesia,USDC
381,0.792573893965471,3522120409.384119,499,S5_twin_shock_imf_bailout,indonesia,USDC
382,0.8258421607907707,3434067399.1495104,499,S5_twin_shock_imf_bailout,indonesia,USDC
383,0.8372013070159326,3348215714.1707687,499,S5_twin_shock_imf_bailout,indonesia,USDC
384,0.8133628071935607,3264510321.3164973,499,S5_twin_shock_imf_bailout,indonesia,USDC
385,0.8174942276558588,3182897563.2835817,499,S5_twin_shock_imf_bailout,indonesia,USDC
386,0.789803522955154,3103325124.2014894,499,S5_twin_shock_imf_bailout,indonesia,USDC
387,0.7992085132909261,3025741996.09645,499,S5_twin_shock_imf_bailout,indonesia,USDC
388,0.8019386328484123,2950098446.1940365,499,S5_twin_shock_imf_bailout,indonesia,USDC
389,0.8208016514879551,2876345985.0391846,499,S5_twin_shock_imf_bailout,indonesia,USDC
390,0.8267038330577683,2804437335.4132037,499,S5_twin_shock_imf_bailout,indonesia,USDC
391,0.8315590257831447,2734326402.0278726,499,S5_twin_shock_imf_bailout,indonesia,USDC
392,0.8153329170506379,2665968241.9771748,499,S5_twin_shock_imf_bailout,indonesia,USDC
393,0.8053662222373434,2599319035.927745,499,S5_twin_shock_imf_bailout,indonesia,USDC
394,0.7897965780532559,2534336060.0295506,499,S5_twin_shock_imf_bailout,indonesia,USDC
395,0.7668026201861017,2470977658.528811,499,S5_twin_shock_imf_bailout,indonesia,USDC
396,0.7680239773936921,2409203217.06559,499,S5_twin_shock_imf_bailout,indonesia,USDC
397,0.7582575555614559,2348973136.6389503,499,S5_twin_shock_imf_bailout,indonesia,USDC
398,0.761395168702946,2290248808.2229757,499,S5_twin_shock_imf_bailout,indonesia,USDC
399,0.7661727243575266,2232992588.017401,499,S5_twin_shock_imf_bailout,indonesia,USDC
400,0.7715568883898459,2177167773.3169656,499,S5_twin_shock_imf_bailout,indonesia,USDC
401,0.7671922180764956,2122738578.9840415,499,S5_twin_shock_imf_bailout,indonesia,USDC
402,0.7653984760750155,2069670114.5094404,499,S5_twin_shock_imf_bailout,indonesia,USDC
403,0.7745716231324902,2017928361.6467042,499,S5_twin_shock_imf_bailout,indonesia,USDC
404,0.7880619221543463,1967480152.605537,499,S5_twin_shock_imf_bailout,indonesia,USDC
405,0.7841598844361812,1918293148.7903986,499,S5_twin_shock_imf_bailout,indonesia,USDC
406,0.7756907934986875,1870335820.0706384,499,S5_twin_shock_imf_bailout,indonesia,USDC
407,0.7754369923562037,1823577424.5688725,499,S5_twin_shock_imf_bailout,indonesia,USDC
408,0.7912671210808159,1777987988.9546504,499,S5_twin_shock_imf_bailout,indonesia,USDC
409,0.7918733516672237,1733538289.2307844,499,S5_twin_shock_imf_bailout,indonesia,USDC
410,0.7856375974522134,1690199832.0000148,499,S5_twin_shock_imf_bailout,indonesia,USDC
411,0.7756463573828216,1647944836.2000144,499,S5_twin_shock_imf_bailout,indonesia,USDC
412,0.779819596311026,1606746215.295014,499,S5_twin_shock_imf_bailout,indonesia,USDC
413,0.7695914777420101,1566577559.9126387,499,S5_twin_shock_imf_bailout,indonesia,USDC
414,0.7599620033902617,1527413120.9148228,499,S5_twin_shock_imf_bailout,indonesia,USDC
415,0.7571089845154872,1489227792.891952,499,S5_twin_shock_imf_bailout,indonesia,USDC
416,0.7637109538678076,1451997098.0696533,499,S5_twin_shock_imf_bailout,indonesia,USDC
417,0.7893531809735475,1415697170.6179118,499,S5_twin_shock_imf_bailout,indonesia,USDC
418,0.8041000413808301,1380304741.3524642,499,S5_twin_shock_imf_bailout,indonesia,USDC
419,0.8036692908908472,1345797122.8186526,499,S5_twin_shock_imf_bailout,indonesia,USDC
420,0.8146911233687063,1312152194.748186,499,S5_twin_shock_imf_bailout,indonesia,USDC
421,0.8103470161423064,1279348389.8794816,499,S5_twin_shock_imf_bailout,indonesia,USDC
422,0.8057025922200478,1247364680.1324944,499,S5_twin_shock_imf_bailout,indonesia,USDC
423,0.7905689812925581,1216180563.129182,499,S5_twin_shock_imf_bailout,indonesia,USDC
424,0.7731915586694105,1185776049.0509524,499,S5_twin_shock_imf_bailout,indonesia,USDC
425,0.7698225846257006,1156131647.8246787,499,S5_twin_shock_imf_bailout,indonesia,USDC
426,0.7487294298845054,1127228356.6290617,499,S5_twin_shock_imf_bailout,indonesia,USDC
427,0.7611206049930286,1099047647.713335,499,S5_twin_shock_imf_bailout,indonesia,USDC
428,0.7585462972544276,1071571456.5205019,499,S5_twin_shock_imf_bailout,indonesia,USDC
429,0.7404400461890583,1044782170.1074892,499,S5_twin_shock_imf_bailout,indonesia,USDC
430,0.783137741496443,1018662615.854802,499,S5_twin_shock_imf_bailout,indonesia,USDC
431,0.7862138919291952,993196050.458432,499,S5_twin_shock_imf_bailout,indonesia,USDC
432,0.769331716347666,968366149.1969713,499,S5_twin_shock_imf_bailout,indonesia,USDC
433,0.7737967478350464,944156995.467047,499,S5_twin_shock_imf_bailout,indonesia,USDC
434,0.7785493117193075,920553070.5803709,499,S5_twin_shock_imf_bailout,indonesia,USDC
435,0.8040872785454565,897539243.8158615,499,S5_twin_shock_imf_bailout,indonesia,USDC
436,0.784574713606913,875100762.720465,499,S5_twin_shock_imf_bailout,indonesia,USDC
437,0.7964261265523304,853223243.6524534,499,S5_twin_shock_imf_bailout,indonesia,USDC
438,0.7920939375791625,831892662.561142,499,S5_twin_shock_imf_bailout,indonesia,USDC
439,0.8144613959125944,811095345.9971136,499,S5_twin_shock_imf_bailout,indonesia,USDC
440,0.7952253279770195,790817962.3471857,499,S5_twin_shock_imf_bailout,indonesia,USDC
441,0.787441473875006,771047513.288506,499,S5_twin_shock_imf_bailout,indonesia,USDC
442,0.7686117028728295,751771325.4562933,499,S5_twin_shock_imf_bailout,indonesia,USDC
443,0.7614614369139745,732977042.3198861,499,S5_twin_shock_imf_bailout,indonesia,USDC
444,0.7731977944974541,714652616.2618889,499,S5_twin_shock_imf_bailout,indonesia,USDC
445,0.7836735275676818,696786300.8553417,499,S5_twin_shock_imf_bailout,indonesia,USDC
446,0.7815207019183479,679366643.3339581,499,S5_twin_shock_imf_bailout,indonesia,USDC
447,0.7998741392993577,662382477.2506092,499,S5_twin_shock_imf_bailout,indonesia,USDC
448,0.8095855649272793,645822915.3193439,499,S5_twin_shock_imf_bailout,indonesia,USDC
449,0.7933521528863557,629677342.4363604,499,S5_twin_shock_imf_bailout,indonesia,USDC
450,0.7872417938908223,613935408.8754513,499,S5_twin_shock_imf_bailout,indonesia,USDC
451,0.7962436933746516,598587023.653565,499,S5_twin_shock_imf_bailout,indonesia,USDC
452,0.7989066691648469,583622348.0622259,499,S5_twin_shock_imf_bailout,indonesia,USDC
453,0.7808142679951698,569031789.3606703,499,S5_twin_shock_imf_bailout,indonesia,USDC
454,0.7668746332836125,554805994.6266536,499,S5_twin_shock_imf_bailout,indonesia,USDC
455,0.7602179637654816,540935844.7609873,499,S5_twin_shock_imf_bailout,indonesia,USDC
456,0.7485013417827362,527412448.6419625,499,S5_twin_shock_imf_bailout,indonesia,USDC
457,0.7450645446059717,514227137.42591345,499,S5_twin_shock_imf_bailout,indonesia,USDC
458,0.7378591862340919,501371458.99026567,499,S5_twin_shock_imf_bailout,indonesia,USDC
459,0.7588330382858477,488837172.515509,499,S5_twin_shock_imf_bailout,indonesia,USDC
460,0.7862771912228617,476616243.2026213,499,S5_twin_shock_imf_bailout,indonesia,USDC
461,0.7944841791876454,464700837.12255573,499,S5_twin_shock_imf_bailout,indonesia,USDC
462,0.7933769531501085,453083316.19449186,499,S5_twin_shock_imf_bailout,indonesia,USDC
463,0.7838948583096264,441756233.2896296,499,S5_twin_shock_imf_bailout,indonesia,USDC
464,0.7641107649857299,430712327.4573888,499,S5_twin_shock_imf_bailout,indonesia,USDC
465,0.7791251277014332,419944519.27095413,499,S5_twin_shock_imf_bailout,indonesia,USDC
466,0.7737272377394633,409445906.2891802,499,S5_twin_shock_imf_bailout,indonesia,USDC
467,0.7864763193881198,399209758.63195074,499,S5_twin_shock_imf_bailout,indonesia,USDC
468,0.7917071775704622,389229514.666152,499,S5_twin_shock_imf_bailout,indonesia,USDC
469,0.7816955983827887,379498776.7994982,499,S5_twin_shock_imf_bailout,indonesia,USDC
470,0.7737913492960053,370011307.37951076,499,S5_twin_shock_imf_bailout,indonesia,USDC
471,0.7656699338863944,360761024.69502294,499,S5_twin_shock_imf_bailout,indonesia,USDC
472,0.7641392901935802,351741999.0776474,499,S5_twin_shock_imf_bailout,indonesia,USDC
473,0.8003721394565815,342948449.1007062,499,S5_twin_shock_imf_bailout,indonesia,USDC
474,0.6973125722110106,334374737.87318856,499,S5_twin_shock_imf_bailout,indonesia,USDC
475,0.7136474281024431,326015369.4263588,499,S5_twin_shock_imf_bailout,indonesia,USDC
476,0.7109543170968509,317864985.1906999,499,S5_twin_shock_imf_bailout,indonesia,USDC
477,0.7407797984101464,309918360.5609324,499,S5_twin_shock_imf_bailout,indonesia,USDC
478,0.7503551730497536,302170401.54690903,499,S5_twin_shock_imf_bailout,indonesia,USDC
479,0.7449095037681336,294616141.5082363,499,S5_twin_shock_imf_bailout,indonesia,USDC
480,0.7595014337736586,287250737.9705304,499,S5_twin_shock_imf_bailout,indonesia,USDC
481,0.7546633892209413,280069469.5212672,499,S5_twin_shock_imf_bailout,indonesia,USDC
482,0.7827117502745924,273067732.78323543,499,S5_twin_shock_imf_bailout,indonesia,USDC
483,0.7839927832293988,266241039.46365458,499,S5_twin_shock_imf_bailout,indonesia,USDC
484,0.7770881680454098,259585013.4770632,499,S5_twin_shock_imf_bailout,indonesia,USDC
485,0.7597636303109034,253095388.14013663,499,S5_twin_shock_imf_bailout,indonesia,USDC
486,0.7617397581151708,246768003.43663323,499,S5_twin_shock_imf_bailout,indonesia,USDC
487,0.7556356270465474,240598803.3507174,499,S5_twin_shock_imf_bailout,indonesia,USDC
488,0.750735551258065,234583833.26694947,499,S5_twin_shock_imf_bailout,indonesia,USDC
489,0.7537938744680285,228719237.43527573,499,S5_twin_shock_imf_bailout,indonesia,USDC
490,0.7541718569607431,223001256.49939388,499,S5_twin_shock_imf_bailout,indonesia,USDC
491,0.7666422089365241,217426225.086909,499,S5_twin_shock_imf_bailout,indonesia,USDC
492,0.7515984355810261,211990569.4597363,499,S5_twin_shock_imf_bailout,indonesia,USDC
493,0.7327304514014075,206690805.22324288,499,S5_twin_shock_imf_bailout,indonesia,USDC
494,0.7547356571225421,201523535.09266183,499,S5_twin_shock_imf_bailout,indonesia,USDC
495,0.7603415773536084,196485446.7153453,499,S5_twin_shock_imf_bailout,indonesia,USDC
496,0.7682274482094092,191573310.54746166,499,S5_twin_shock_imf_bailout,indonesia,USDC
497,0.7814403954673163,186783977.7837751,499,S5_twin_shock_imf_bailout,indonesia,USDC
498,0.7786355171315755,182114378.33918074,499,S5_twin_shock_imf_bailout,indonesia,USDC
499,0.798711420426988,177561518.8807012,499,S5_twin_shock_imf_bailout,indonesia,USDC
500,0.784454716891423,173122480.9086837,499,S5_twin_shock_imf_bailout,indonesia,USDC
501,0.8094139069892121,168794418.8859666,499,S5_twin_shock_imf_bailout,indonesia,USDC
502,0.8163071441598406,164574558.41381744,499,S5_twin_shock_imf_bailout,indonesia,USDC
503,0.7937987627392764,160460194.453472,499,S5_twin_shock_imf_bailout,indonesia,USDC
504,0.7803338432888322,156448689.5921352,499,S5_twin_shock_imf_bailout,indonesia,USDC
505,0.7880779328495348,152537472.35233182,499,S5_twin_shock_imf_bailout,indonesia,USDC
506,0.7907982671598296,148724035.54352352,499,S5_twin_shock_imf_bailout,indonesia,USDC
507,0.8052162435899967,145005934.65493545,499,S5_twin_shock_imf_bailout,indonesia,USDC
508,0.8142076676299962,141380786.28856206,499,S5_twin_shock_imf_bailout,indonesia,USDC
509,0.7418605182481431,137846266.631348,499,S5_twin_shock_imf_bailout,indonesia,USDC
510,0.7355312439100734,134400109.9655643,499,S5_twin_shock_imf_bailout,indonesia,USDC
511,0.7462892498903125,131040107.2164252,499,S5_twin_shock_imf_bailout,indonesia,USDC
512,0.7578805212381351,127764104.53601456,499,S5_twin_shock_imf_bailout,indonesia,USDC
513,0.7490495927045401,124570001.9226142,499,S5_twin_shock_imf_bailout,indonesia,USDC
514,0.7404245813547486,121455751.87454885,499,S5_twin_shock_imf_bailout,indonesia,USDC
515,0.7593217521994552,118419358.07768513,499,S5_twin_shock_imf_bailout,indonesia,USDC
516,0.7557514187698503,115458874.125743,499,S5_twin_shock_imf_bailout,indonesia,USDC
517,0.7651266420451985,112572402.27259943,499,S5_twin_shock_imf_bailout,indonesia,USDC
518,0.7803033288066877,109758092.21578443,499,S5_twin_shock_imf_bailout,indonesia,USDC
519,0.782800247510965,107014139.91038984,499,S5_twin_shock_imf_bailout,indonesia,USDC
520,0.7818043681271414,104338786.41263008,499,S5_twin_shock_imf_bailout,indonesia,USDC
521,0.7731243410551006,101730316.75231433,499,S5_twin_shock_imf_bailout,indonesia,USDC
522,0.7731377775287136,99187058.83350648,499,S5_twin_shock_imf_bailout,indonesia,USDC
523,0.7576980729148404,96707382.36266881,499,S5_twin_shock_imf_bailout,indonesia,USDC
524,0.7387079064553163,94289697.8036021,499,S5_twin_shock_imf_bailout,indonesia,USDC
525,0.7208138954000569,91932455.35851204,499,S5_twin_shock_imf_bailout,indonesia,USDC
526,0.7586111852549317,89634143.97454923,499,S5_twin_shock_imf_bailout,indonesia,USDC
527,0.7896993041862019,87393290.3751855,499,S5_twin_shock_imf_bailout,indonesia,USDC
528,0.771302123386925,85208458.11580586,499,S5_twin_shock_imf_bailout,indonesia,USDC
529,0.7673660269309729,83078246.66291071,499,S5_twin_shock_imf_bailout,indonesia,USDC
530,0.7754627561850047,81001290.49633795,499,S5_twin_shock_imf_bailout,indonesia,USDC
531,0.761170971092232,78976258.23392951,499,S5_twin_shock_imf_bailout,indonesia,USDC
532,0.7662213858897277,77001851.77808127,499,S5_twin_shock_imf_bailout,indonesia,USDC
533,0.7748749104679016,75076805.48362924,499,S5_twin_shock_imf_bailout,indonesia,USDC
534,0.7600577036917215,73199885.34653851,499,S5_twin_shock_imf_bailout,indonesia,USDC
535,0.759124023776642,71369888.21287504,499,S5_twin_shock_imf_bailout,indonesia,USDC
536,0.7520720138270499,69585641.00755316,499,S5_twin_shock_imf_bailout,indonesia,USDC
537,0.7623238269793704,67845999.98236434,499,S5_twin_shock_imf_bailout,indonesia,USDC
538,0.7703368074104934,66149849.98280524,499,S5_twin_shock_imf_bailout,indonesia,USDC
539,0.7492191683160356,64496103.733235106,499,S5_twin_shock_imf_bailout,indonesia,USDC
540,0.7595571285515078,62883701.13990423,499,S5_twin_shock_imf_bailout,indonesia,USDC
541,0.751619923698047,61311608.611406624,499,S5_twin_shock_imf_bailout,indonesia,USDC
542,0.7586780534640696,59778818.39612146,499,S5_twin_shock_imf_bailout,indonesia,USDC
543,0.7771671231881079,58284347.93621842,499,S5_twin_shock_imf_bailout,indonesia,USDC
544,0.7704407656737934,56827239.23781296,499,S5_twin_shock_imf_bailout,indonesia,USDC
545,0.7656349828624801,55406558.25686763,499,S5_twin_shock_imf_bailout,indonesia,USDC
546,0.8030368261826893,54021394.300445944,499,S5_twin_shock_imf_bailout,indonesia,USDC
547,0.843133159799183,52670859.44293478,499,S5_twin_shock_imf_bailout,indonesia,USDC
548,0.8295952893956394,51354087.956861414,499,S5_twin_shock_imf_bailout,indonesia,USDC
549,0.8087156479963606,50070235.75793988,499,S5_twin_shock_imf_bailout,indonesia,USDC
550,0.7944022304399126,48818479.86399139,499,S5_twin_shock_imf_bailout,indonesia,USDC
551,0.7858861192626037,47598017.8673916,499,S5_twin_shock_imf_bailout,indonesia,USDC
552,0.7961675805546907,46408067.420706816,499,S5_twin_shock_imf_bailout,indonesia,USDC
553,0.7980458829574414,45247865.73518914,499,S5_twin_shock_imf_bailout,indonesia,USDC
554,0.7898270909809718,44116669.091809414,499,S5_twin_shock_imf_bailout,indonesia,USDC
555,0.7826936487359704,43013752.36451418,499,S5_twin_shock_imf_bailout,indonesia,USDC
556,0.7706991333850051,41938408.555401325,499,S5_twin_shock_imf_bailout,indonesia,USDC
557,0.7592812714779487,40889948.34151629,499,S5_twin_shock_imf_bailout,indonesia,USDC
558,0.7599961025813754,39867699.63297839,499,S5_twin_shock_imf_bailout,indonesia,USDC
559,0.7543665707617057,38871007.142153926,499,S5_twin_shock_imf_bailout,indonesia,USDC
560,0.7698524750756154,37899231.96360008,499,S5_twin_shock_imf_bailout,indonesia,USDC
561,0.7691538997087021,36951751.16451007,499,S5_twin_shock_imf_bailout,indonesia,USDC
562,0.7956575876770674,36027957.38539732,499,S5_twin_shock_imf_bailout,indonesia,USDC
563,0.7933791345459051,35127258.45076239,499,S5_twin_shock_imf_bailout,indonesia,USDC
564,0.788065566893141,34249076.98949333,499,S5_twin_shock_imf_bailout,indonesia,USDC
565,0.7802585864460528,33392850.064756,499,S5_twin_shock_imf_bailout,indonesia,USDC
566,0.760763299918389,32558028.8131371,499,S5_twin_shock_imf_bailout,indonesia,USDC
567,0.7611565741604713,31744078.09280867,499,S5_twin_shock_imf_bailout,indonesia,USDC
568,0.7547011196002997,30950476.140488453,499,S5_twin_shock_imf_bailout,indonesia,USDC
569,0.7579202258809513,30176714.236976244,499,S5_twin_shock_imf_bailout,indonesia,USDC
570,0.773686812011218,29422296.38105184,499,S5_twin_shock_imf_bailout,indonesia,USDC
571,0.7761459296995655,28686738.971525546,499,S5_twin_shock_imf_bailout,indonesia,USDC
572,0.7759361879773932,27969570.497237407,499,S5_twin_shock_imf_bailout,indonesia,USDC
573,0.7905790733328175,27270331.23480647,499,S5_twin_shock_imf_bailout,indonesia,USDC
574,0.8024878529060583,26588572.95393631,499,S5_twin_shock_imf_bailout,indonesia,USDC
575,0.7820613575152959,25923858.6300879,499,S5_twin_shock_imf_bailout,indonesia,USDC
576,0.8095822470617984,25275762.1643357,499,S5_twin_shock_imf_bailout,indonesia,USDC
577,0.7931100912317626,24643868.11022731,499,S5_twin_shock_imf_bailout,indonesia,USDC
578,0.7810945976496695,24027771.407471627,499,S5_twin_shock_imf_bailout,indonesia,USDC
579,0.7601381648013508,23427077.122284837,499,S5_twin_shock_imf_bailout,indonesia,USDC
580,0.7627080096290226,22841400.194227718,499,S5_twin_shock_imf_bailout,indonesia,USDC
581,0.7549671024830169,22270365.18937202,499,S5_twin_shock_imf_bailout,indonesia,USDC
582,0.7466137481392993,21713606.05963772,499,S5_twin_shock_imf_bailout,indonesia,USDC
583,0.7374338902189798,21170765.908146776,499,S5_twin_shock_imf_bailout,indonesia,USDC
584,0.733459575374309,20641496.760443106,499,S5_twin_shock_imf_bailout,indonesia,USDC
585,0.7539178653208781,20125459.34143203,499,S5_twin_shock_imf_bailout,indonesia,USDC
586,0.7511336055382841,19622322.85789623,499,S5_twin_shock_imf_bailout,indonesia,USDC
587,0.7525266663214198,19131764.786448825,499,S5_twin_shock_imf_bailout,indonesia,USDC
588,0.7611997754611294,18653470.666787606,499,S5_twin_shock_imf_bailout,indonesia,USDC
589,0.76083192134739,18187133.900117915,499,S5_twin_shock_imf_bailout,indonesia,USDC
590,0.7528309211755033,17732455.55261497,499,S5_twin_shock_imf_bailout,indonesia,USDC
591,0.7301628882442492,17289144.16379959,499,S5_twin_shock_imf_bailout,indonesia,USDC
592,0.6971065264771983,16856915.559704605,499,S5_twin_shock_imf_bailout,indonesia,USDC
593,0.6851649426865929,16435492.670711989,499,S5_twin_shock_imf_bailout,indonesia,USDC
594,0.6953060865948313,16024605.353944186,499,S5_twin_shock_imf_bailout,indonesia,USDC
595,0.7062732338202959,15623990.220095584,499,S5_twin_shock_imf_bailout,indonesia,USDC
596,0.7060246746176067,15233390.464593194,499,S5_twin_shock_imf_bailout,indonesia,USDC
597,0.7000944696798767,14852555.702978365,499,S5_twin_shock_imf_bailout,indonesia,USDC
598,0.7413420139707064,14481241.810403906,499,S5_twin_shock_imf_bailout,indonesia,USDC
599,0.7424909323431782,14119210.765143808,499,S5_twin_shock_imf_bailout,indonesia,USDC
600,0.6272703491214863,13766230.496015213,499,S5_twin_shock_imf_bailout,indonesia,USDC
601,0.6258220890876649,13422074.733614832,499,S5_twin_shock_imf_bailout,indonesia,USDC
602,0.6360599263023153,13086522.86527446,499,S5_twin_shock_imf_bailout,indonesia,USDC
603,0.670052470250146,12759359.7936426,499,S5_twin_shock_imf_bailout,indonesia,USDC
604,0.7062964980271494,12440375.798801534,499,S5_twin_shock_imf_bailout,indonesia,USDC
605,0.7288412703252806,12129366.403831497,499,S5_twin_shock_imf_bailout,indonesia,USDC
606,0.7199734310629918,11826132.243735708,499,S5_twin_shock_imf_bailout,indonesia,USDC
607,0.7364547520339393,11530478.937642315,499,S5_twin_shock_imf_bailout,indonesia,USDC
608,0.7516496891277981,11242216.964201257,499,S5_twin_shock_imf_bailout,indonesia,USDC
609,0.7496855181611995,10961161.540096227,499,S5_twin_shock_imf_bailout,indonesia,USDC
610,0.725651286580626,10687132.50159382,499,S5_twin_shock_imf_bailout,indonesia,USDC
611,0.7334258376120283,10419954.189053975,499,S5_twin_shock_imf_bailout,indonesia,USDC
612,0.7542576989735073,10159455.334327625,499,S5_twin_shock_imf_bailout,indonesia,USDC
613,0.7562298856893633,9905468.950969435,499,S5_twin_shock_imf_bailout,indonesia,USDC
614,0.7670087573896806,9657832.2271952,499,S5_twin_shock_imf_bailout,indonesia,USDC
615,0.7637161240335841,9416386.42151532,499,S5_twin_shock_imf_bailout,indonesia,USDC
616,0.7678671453031151,9180976.760977438,499,S5_twin_shock_imf_bailout,indonesia,USDC
617,0.7868884181141994,8951452.341953002,499,S5_twin_shock_imf_bailout,indonesia,USDC
618,0.7918615208681618,8727666.033404175,499,S5_twin_shock_imf_bailout,indonesia,USDC
619,0.7866198129820553,8509474.382569073,499,S5_twin_shock_imf_bailout,indonesia,USDC
620,0.7625987170512544,8296737.523004845,499,S5_twin_shock_imf_bailout,indonesia,USDC
621,0.7915129877231695,8089319.084929723,499,S5_twin_shock_imf_bailout,indonesia,USDC
622,0.7789880798405822,7887086.10780648,499,S5_twin_shock_imf_bailout,indonesia,USDC
623,0.7900867910582894,7689908.955111318,499,S5_twin_shock_imf_bailout,indonesia,USDC
624,0.7815336093237455,7497661.231233535,499,S5_twin_shock_imf_bailout,indonesia,USDC
625,0.8142249741075811,7310219.7004526965,499,S5_twin_shock_imf_bailout,indonesia,USDC
626,0.8265739541217314,7127464.207941379,499,S5_twin_shock_imf_bailout,indonesia,USDC
627,0.8198226136148603,6949277.602742844,499,S5_twin_shock_imf_bailout,indonesia,USDC
628,0.806918782258294,6775545.662674273,499,S5_twin_shock_imf_bailout,indonesia,USDC
629,0.7935962324161294,6606157.021107417,499,S5_twin_shock_imf_bailout,indonesia,USDC
630,0.7960549972354971,6441003.09557973,499,S5_twin_shock_imf_bailout,indonesia,USDC
631,0.8021538307312952,6279978.018190237,499,S5_twin_shock_imf_bailout,indonesia,USDC
632,0.8060879006119646,6122978.567735481,499,S5_twin_shock_imf_bailout,indonesia,USDC
633,0.813856445878213,5969904.103542094,499,S5_twin_shock_imf_bailout,indonesia,USDC
634,0.7957583127689993,5820656.500953541,499,S5_twin_shock_imf_bailout,indonesia,USDC
635,0.7819931894371759,5675140.088429703,499,S5_twin_shock_imf_bailout,indonesia,USDC
636,0.7797475732204359,5533261.586218961,499,S5_twin_shock_imf_bailout,indonesia,USDC
637,0.7657099745300666,5394930.046563487,499,S5_twin_shock_imf_bailout,indonesia,USDC
638,0.7706407912081635,5260056.7953993995,499,S5_twin_shock_imf_bailout,indonesia,USDC
639,0.7805977142905699,5128555.375514414,499,S5_twin_shock_imf_bailout,indonesia,USDC
640,0.7765352720676921,5000341.491126554,499,S5_twin_shock_imf_bailout,indonesia,USDC
641,0.7707239867660689,4875332.95384839,499,S5_twin_shock_imf_bailout,indonesia,USDC
642,0.7904988413401456,4753449.630002181,499,S5_twin_shock_imf_bailout,indonesia,USDC
643,0.7862182935507824,4634613.389252126,499,S5_twin_shock_imf_bailout,indonesia,USDC
644,0.7675220021078586,4518748.054520823,499,S5_twin_shock_imf_bailout,indonesia,USDC
645,0.7523309570949436,4405779.3531578025,499,S5_twin_shock_imf_bailout,indonesia,USDC
646,0.744670421847668,4295634.869328857,499,S5_twin_shock_imf_bailout,indonesia,USDC
647,0.7875099896054457,4188243.997595636,499,S5_twin_shock_imf_bailout,indonesia,USDC
648,0.7811942434324787,4083537.897655745,499,S5_twin_shock_imf_bailout,indonesia,USDC
649,0.7663756590829645,3981449.4502143515,499,S5_twin_shock_imf_bailout,indonesia,USDC
650,0.7785156660889769,3881913.2139589926,499,S5_twin_shock_imf_bailout,indonesia,USDC
651,0.7790719521372544,3784865.3836100176,499,S5_twin_shock_imf_bailout,indonesia,USDC
652,0.7605107466636927,3690243.7490197676,499,S5_twin_shock_imf_bailout,indonesia,USDC
653,0.7715595352537444,3597987.6552942735,499,S5_twin_shock_imf_bailout,indonesia,USDC
654,0.7590965463645054,3508037.9639119166,499,S5_twin_shock_imf_bailout,indonesia,USDC
655,0.7689237917343466,3420337.0148141184,499,S5_twin_shock_imf_bailout,indonesia,USDC
656,0.7911476440434483,3334828.5894437656,499,S5_twin_shock_imf_bailout,indonesia,USDC
657,0.7890688686079466,3251457.8747076713,499,S5_twin_shock_imf_bailout,indonesia,USDC
658,0.7841767866385213,3170171.4278399795,499,S5_twin_shock_imf_bailout,indonesia,USDC
659,0.7931277492641085,3090917.14214398,499,S5_twin_shock_imf_bailout,indonesia,USDC
660,0.8006285247962033,3013644.2135903807,499,S5_twin_shock_imf_bailout,indonesia,USDC
661,0.8129718136847564,2938303.1082506212,499,S5_twin_shock_imf_bailout,indonesia,USDC
662,0.8100226566549525,2864845.5305443555,499,S5_twin_shock_imf_bailout,indonesia,USDC
663,0.8098570290909305,2793224.3922807467,499,S5_twin_shock_imf_bailout,indonesia,USDC
664,0.8121552574653835,2723393.782473728,499,S5_twin_shock_imf_bailout,indonesia,USDC
665,0.8248422134293385,2655308.937911885,499,S5_twin_shock_imf_bailout,indonesia,USDC
666,0.8333534068434526,2588926.214464088,499,S5_twin_shock_imf_bailout,indonesia,USDC
667,0.8001149291129575,2524203.0591024854,499,S5_twin_shock_imf_bailout,indonesia,USDC
668,0.8000950829242952,2461097.982624923,499,S5_twin_shock_imf_bailout,indonesia,USDC
669,0.7923579198522185,2399570.5330593,499,S5_twin_shock_imf_bailout,indonesia,USDC
670,0.7815633330777874,2339581.2697328175,499,S5_twin_shock_imf_bailout,indonesia,USDC
671,0.7842979505162798,2281091.7379894974,499,S5_twin_shock_imf_bailout,indonesia,USDC
672,0.7824393029752083,2224064.44453976,499,S5_twin_shock_imf_bailout,indonesia,USDC
673,0.7830036191321502,2168462.8334262655,499,S5_twin_shock_imf_bailout,indonesia,USDC
674,0.7661400531301708,2114251.2625906086,499,S5_twin_shock_imf_bailout,indonesia,USDC
675,0.7781266677482563,2061394.9810258436,499,S5_twin_shock_imf_bailout,indonesia,USDC
676,0.7978974999986711,2009860.1065001977,499,S5_twin_shock_imf_bailout,indonesia,USDC
677,0.8106607888154236,1959613.6038376926,499,S5_twin_shock_imf_bailout,indonesia,USDC
678,0.8297243008804849,1910623.2637417503,499,S5_twin_shock_imf_bailout,indonesia,USDC
679,0.8288105644282325,1862857.6821482065,499,S5_twin_shock_imf_bailout,indonesia,USDC
680,0.8202133311479276,1816286.2400945013,499,S5_twin_shock_imf_bailout,indonesia,USDC
681,0.8167364639291618,1770879.0840921388,499,S5_twin_shock_imf_bailout,indonesia,USDC
682,0.8104310814127058,1726607.1069898354,499,S5_twin_shock_imf_bailout,indonesia,USDC
683,0.8100120941463803,1683441.9293150897,499,S5_twin_shock_imf_bailout,indonesia,USDC
684,0.8181655160930157,1641355.881082212,499,S5_twin_shock_imf_bailout,indonesia,USDC
685,0.8307426104073554,1600321.9840551568,499,S5_twin_shock_imf_bailout,indonesia,USDC
686,0.8406229844233768,1560313.934453778,499,S5_twin_shock_imf_bailout,indonesia,USDC
687,0.8368623673306603,1521306.0860924334,499,S5_twin_shock_imf_bailout,indonesia,USDC
688,0.8111609721583879,1483273.4339401228,499,S5_twin_shock_imf_bailout,indonesia,USDC
689,0.8102761263194657,1446191.5980916196,499,S5_twin_shock_imf_bailout,indonesia,USDC
690,0.8174755144476422,1410036.8081393293,499,S5_twin_shock_imf_bailout,indonesia,USDC
691,0.8392185115670409,1374785.887935846,499,S5_twin_shock_imf_bailout,indonesia,USDC
692,0.8179014939949556,1340416.2407374498,499,S5_twin_shock_imf_bailout,indonesia,USDC
693,0.8224289918137655,1306905.8347190134,499,S5_twin_shock_imf_bailout,indonesia,USDC
694,0.7969405419545331,1274233.1888510382,499,S5_twin_shock_imf_bailout,indonesia,USDC
695,0.8062772454943389,1242377.3591297623,499,S5_twin_shock_imf_bailout,indonesia,USDC
696,0.7954231520725591,1211317.925151518,499,S5_twin_shock_imf_bailout,indonesia,USDC
697,0.7872276061784091,1181034.9770227303,499,S5_twin_shock_imf_bailout,indonesia,USDC
698,0.7994065197025344,1151509.102597162,499,S5_twin_shock_imf_bailout,indonesia,USDC
699,0.802231689831043,1122721.3750322328,499,S5_twin_shock_imf_bailout,indonesia,USDC
700,0.7886947993470547,1094653.3406564272,499,S5_twin_shock_imf_bailout,indonesia,USDC
701,0.7653724737929308,1067287.0071400164,499,S5_twin_shock_imf_bailout,indonesia,USDC
702,0.7599352137667731,1040604.8319615159,499,S5_twin_shock_imf_bailout,indonesia,USDC
703,0.7774219600121085,1014589.7111624782,499,S5_twin_shock_imf_bailout,indonesia,USDC
704,0.8132230784455348,989224.9683834161,499,S5_twin_shock_imf_bailout,indonesia,USDC
705,0.80542482256553,964494.3441738307,499,S5_twin_shock_imf_bailout,indonesia,USDC
706,0.8118349113956285,940381.985569485,499,S5_twin_shock_imf_bailout,indonesia,USDC
707,0.8115389931889596,916872.4359302479,499,S5_twin_shock_imf_bailout,indonesia,USDC
708,0.7816092590755848,893950.6250319916,499,S5_twin_shock_imf_bailout,indonesia,USDC
709,0.7865468546396311,871601.8594061919,499,S5_twin_shock_imf_bailout,indonesia,USDC
710,0.7664146287455158,849811.8129210371,499,S5_twin_shock_imf_bailout,indonesia,USDC
711,0.7470284426633583,828566.5175980111,499,S5_twin_shock_imf_bailout,indonesia,USDC
712,0.7476699265422065,807852.3546580609,499,S5_twin_shock_imf_bailout,indonesia,USDC
713,0.7765222350209899,787656.0457916094,499,S5_twin_shock_imf_bailout,indonesia,USDC
714,0.8007592754315174,767964.6446468192,499,S5_twin_shock_imf_bailout,indonesia,USDC
715,0.8296861299378825,748765.5285306487,499,S5_twin_shock_imf_bailout,indonesia,USDC
716,0.8171943670037616,730046.3903173825,499,S5_twin_shock_imf_bailout,indonesia,USDC
717,0.8256818425188482,711795.2305594479,499,S5_twin_shock_imf_bailout,indonesia,USDC
718,0.805840317156805,694000.3497954616,499,S5_twin_shock_imf_bailout,indonesia,USDC
719,0.8110477569730099,676650.3410505751,499,S5_twin_shock_imf_bailout,indonesia,USDC
720,0.8338137149144059,659734.0825243108,499,S5_twin_shock_imf_bailout,indonesia,USDC
721,0.7940019290876427,643240.730461203,499,S5_twin_shock_imf_bailout,indonesia,USDC
722,0.791729166625923,627159.7121996729,499,S5_twin_shock_imf_bailout,indonesia,USDC
723,0.7955191367857054,611480.719394681,499,S5_twin_shock_imf_bailout,indonesia,USDC
724,0.7976895822422662,596193.7014098141,499,S5_twin_shock_imf_bailout,indonesia,USDC
725,0.8052575102997243,581288.8588745687,499,S5_twin_shock_imf_bailout,indonesia,USDC
726,0.8114413867872355,566756.6374027045,499,S5_twin_shock_imf_bailout,indonesia,USDC
727,0.8190052907541779,552587.7214676369,499,S5_twin_shock_imf_bailout,indonesia,USDC
728,0.8397079782629492,538773.0284309459,499,S5_twin_shock_imf_bailout,indonesia,USDC
729,0.8254744647154523,525303.7027201722,499,S5_twin_shock_imf_bailout,indonesia,USDC
730,0.8191142736302819,512171.11015216797,499,S5_twin_shock_imf_bailout,indonesia,USDC
731,0.8271470345167601,499366.83239836374,499,S5_twin_shock_imf_bailout,indonesia,USDC
732,0.8240101444599299,486882.6615884046,499,S5_twin_shock_imf_bailout,indonesia,USDC
733,0.82358491118069,474710.5950486945,499,S5_twin_shock_imf_bailout,indonesia,USDC
734,0.7948592284308154,462842.8301724772,499,S5_twin_shock_imf_bailout,indonesia,USDC
735,0.7344647494619766,451271.7594181653,499,S5_twin_shock_imf_bailout,indonesia,USDC
736,0.7325053707251632,439989.9654327111,499,S5_twin_shock_imf_bailout,indonesia,USDC
737,0.7213015730833038,428990.21629689337,499,S5_twin_shock_imf_bailout,indonesia,USDC
738,0.7148667481235094,418265.460889471,499,S5_twin_shock_imf_bailout,indonesia,USDC
739,0.7137687438962991,407808.82436723425,499,S5_twin_shock_imf_bailout,indonesia,USDC
740,0.719883414289118,397613.6037580534,499,S5_twin_shock_imf_bailout,indonesia,USDC
741,0.7104466299904463,387673.26366410207,499,S5_twin_shock_imf_bailout,indonesia,USDC
742,0.7211711568466914,377981.43207249953,499,S5_twin_shock_imf_bailout,indonesia,USDC
743,0.7155226469128997,368531.896270687,499,S5_twin_shock_imf_bailout,indonesia,USDC
744,0.7348943554928181,359318.59886391985,499,S5_twin_shock_imf_bailout,indonesia,USDC
745,0.7727104924444828,350335.63389232184,499,S5_twin_shock_imf_bailout,indonesia,USDC
746,0.7762915121967988,341577.24304501386,499,S5_twin_shock_imf_bailout,indonesia,USDC
747,0.7813411473741881,333037.81196888845,499,S5_twin_shock_imf_bailout,indonesia,USDC
748,0.7652494367773567,324711.86666966625,499,S5_twin_shock_imf_bailout,indonesia,USDC
749,0.7408430765677485,316594.0700029246,499,S5_twin_shock_imf_bailout,indonesia,USDC
750,0.7260284977548973,308679.21825285145,499,S5_twin_shock_imf_bailout,indonesia,USDC
751,0.6131373211646274,300962.2377965302,499,S5_twin_shock_imf_bailout,indonesia,USDC
752,0.6403202060127082,293438.18185161694,499,S5_twin_shock_imf_bailout,indonesia,USDC
753,0.654868195347898,286102.2273053265,499,S5_twin_shock_imf_bailout,indonesia,USDC
754,0.6536455709827312,278949.67162269336,499,S5_twin_shock_imf_bailout,indonesia,USDC
755,0.6709828367675156,271975.929832126,499,S5_twin_shock_imf_bailout,indonesia,USDC
756,0.6866237408525909,265176.5315863228,499,S5_twin_shock_imf_bailout,indonesia,USDC
757,0.6747637190967425,258547.1182966648,499,S5_twin_shock_imf_bailout,indonesia,USDC
758,0.6844865677089184,252083.4403392482,499,S5_twin_shock_imf_bailout,indonesia,USDC
759,0.7092471748711442,245781.35433076698,499,S5_twin_shock_imf_bailout,indonesia,USDC
760,0.7237478796313522,239636.82047249778,499,S5_twin_shock_imf_bailout,indonesia,USDC
761,0.7276130418659787,233645.89996068535,499,S5_twin_shock_imf_bailout,indonesia,USDC
762,0.7264664672607429,227804.75246166822,499,S5_twin_shock_imf_bailout,indonesia,USDC
763,0.7492968600758441,222109.6336501265,499,S5_twin_shock_imf_bailout,indonesia,USDC
764,0.763976937874803,216556.89280887332,499,S5_twin_shock_imf_bailout,indonesia,USDC
765,0.754295764669446,211142.9704886515,499,S5_twin_shock_imf_bailout,indonesia,USDC
766,0.7686209446031163,205864.3962264352,499,S5_twin_shock_imf_bailout,indonesia,USDC
767,0.7860993240835878,200717.78632077435,499,S5_twin_shock_imf_bailout,indonesia,USDC
768,0.794786060334667,195699.84166275497,499,S5_twin_shock_imf_bailout,indonesia,USDC
769,0.7793650694057185,190807.3456211861,499,S5_twin_shock_imf_bailout,indonesia,USDC
770,0.7732409451317838,186037.16198065647,499,S5_twin_shock_imf_bailout,indonesia,USDC
771,0.7651847920333527,181386.23293114005,499,S5_twin_shock_imf_bailout,indonesia,USDC
772,0.7676409753080035,176851.57710786152,499,S5_twin_shock_imf_bailout,indonesia,USDC
773,0.7925105864596531,172430.287680165,499,S5_twin_shock_imf_bailout,indonesia,USDC
774,0.7980821858244376,168119.53048816088,499,S5_twin_shock_imf_bailout,indonesia,USDC
775,0.7926856533826765,163916.54222595683,499,S5_twin_shock_imf_bailout,indonesia,USDC
776,0.8021677484498928,159818.62867030792,499,S5_twin_shock_imf_bailout,indonesia,USDC
777,0.7736254142900165,155823.16295355023,499,S5_twin_shock_imf_bailout,indonesia,USDC
778,0.7756988922280909,151927.58387971148,499,S5_twin_shock_imf_bailout,indonesia,USDC
779,0.7707318006520302,148129.39428271868,499,S5_twin_shock_imf_bailout,indonesia,USDC
780,0.7607224993025007,144426.15942565072,499,S5_twin_shock_imf_bailout,indonesia,USDC
781,0.7759945428503574,140815.50544000944,499,S5_twin_shock_imf_bailout,indonesia,USDC
782,0.7630233111895474,137295.11780400923,499,S5_twin_shock_imf_bailout,indonesia,USDC
783,0.7583508276372977,133862.739858909,499,S5_twin_shock_imf_bailout,indonesia,USDC
784,0.7593792889209975,130516.17136243626,499,S5_twin_shock_imf_bailout,indonesia,USDC
785,0.7496416844981633,127253.26707837536,499,S5_twin_shock_imf_bailout,indonesia,USDC
786,0.7602960411937005,124071.93540141598,499,S5_twin_shock_imf_bailout,indonesia,USDC
787,0.7432296931497304,120970.13701638057,499,S5_twin_shock_imf_bailout,indonesia,USDC
788,0.7378214971306671,117945.88359097106,499,S5_twin_shock_imf_bailout,indonesia,USDC
789,0.7616622036000529,114997.23650119678,499,S5_twin_shock_imf_bailout,indonesia,USDC
790,0.7362555266074833,112122.30558866684,499,S5_twin_shock_imf_bailout,indonesia,USDC
791,0.7424196800021594,109319.24794895019,499,S5_twin_shock_imf_bailout,indonesia,USDC
792,0.7347070021573486,106586.26675022644,499,S5_twin_shock_imf_bailout,indonesia,USDC
793,0.7617092733197337,103921.61008147078,499,S5_twin_shock_imf_bailout,indonesia,USDC
794,0.7608352414118893,101323.56982943398,499,S5_twin_shock_imf_bailout,indonesia,USDC
795,0.7723994739769062,98790.48058369814,499,S5_twin_shock_imf_bailout,indonesia,USDC
796,0.7586258894151227,96320.7185691057,499,S5_twin_shock_imf_bailout,indonesia,USDC
797,0.7436270900149071,93912.70060487805,499,S5_twin_shock_imf_bailout,indonesia,USDC
798,0.7514191262771136,91564.8830897561,499,S5_twin_shock_imf_bailout,indonesia,USDC
799,0.7632242744658002,89275.7610125122,499,S5_twin_shock_imf_bailout,indonesia,USDC
800,0.789093397723197,87043.86698719938,499,S5_twin_shock_imf_bailout,indonesia,USDC
801,0.8138479095015483,84867.77031251941,499,S5_twin_shock_imf_bailout,indonesia,USDC
802,0.8046286650548758,82746.07605470641,499,S5_twin_shock_imf_bailout,indonesia,USDC
803,0.8037680760768657,80677.42415333877,499,S5_twin_shock_imf_bailout,indonesia,USDC
804,0.7951426948276696,78660.48854950529,499,S5_twin_shock_imf_bailout,indonesia,USDC
805,0.7669481869781207,76693.97633576766,499,S5_twin_shock_imf_bailout,indonesia,USDC
806,0.7794953538460958,74776.62692737347,499,S5_twin_shock_imf_bailout,indonesia,USDC
807,0.7819354933454999,72907.21125418913,499,S5_twin_shock_imf_bailout,indonesia,USDC
808,0.7948088175971927,71084.5309728344,499,S5_twin_shock_imf_bailout,indonesia,USDC
809,0.8092886159322583,69307.41769851354,499,S5_twin_shock_imf_bailout,indonesia,USDC
810,0.8016555974015939,67574.7322560507,499,S5_twin_shock_imf_bailout,indonesia,USDC
811,0.7035203789692791,65885.36394964944,499,S5_twin_shock_imf_bailout,indonesia,USDC
812,0.6810719704285843,64238.229850908196,499,S5_twin_shock_imf_bailout,indonesia,USDC
813,0.7007880100601727,62632.274104635486,499,S5_twin_shock_imf_bailout,indonesia,USDC
814,0.7084962309840693,61066.4672520196,499,S5_twin_shock_imf_bailout,indonesia,USDC
815,0.7036846860340038,59539.80557071911,499,S5_twin_shock_imf_bailout,indonesia,USDC
816,0.7052889995154887,58051.31043145113,499,S5_twin_shock_imf_bailout,indonesia,USDC
817,0.7203739834386086,56600.027670664844,499,S5_twin_shock_imf_bailout,indonesia,USDC
818,0.725831656335061,55185.026978898226,499,S5_twin_shock_imf_bailout,indonesia,USDC
819,0.7183127198246122,53805.40130442577,499,S5_twin_shock_imf_bailout,indonesia,USDC
820,0.7473845388399027,52460.266271815126,499,S5_twin_shock_imf_bailout,indonesia,USDC
821,0.7573699119187925,51148.75961501975,499,S5_twin_shock_imf_bailout,indonesia,USDC
822,0.7649485737134986,49870.04062464426,499,S5_twin_shock_imf_bailout,indonesia,USDC
823,0.7649006786210657,48623.28960902814,499,S5_twin_shock_imf_bailout,indonesia,USDC
824,0.756564441767907,47407.70736880245,499,S5_twin_shock_imf_bailout,indonesia,USDC
825,0.7765663958059539,46222.514684582384,499,S5_twin_shock_imf_bailout,indonesia,USDC
826,0.772627651325481,45066.95181746782,499,S5_twin_shock_imf_bailout,indonesia,USDC
827,0.7991624267996429,43940.27802203113,499,S5_twin_shock_imf_bailout,indonesia,USDC
828,0.7872375706219251,42841.771071480354,499,S5_twin_shock_imf_bailout,indonesia,USDC
829,0.7680706588715139,41770.72679469334,499,S5_twin_shock_imf_bailout,indonesia,USDC
830,0.7487174223636939,40726.458624826,499,S5_twin_shock_imf_bailout,indonesia,USDC
831,0.7405819469529727,39708.29715920536,499,S5_twin_shock_imf_bailout,indonesia,USDC
832,0.7588051704076442,38715.58973022523,499,S5_twin_shock_imf_bailout,indonesia,USDC
833,0.7569092046618815,37747.699986969594,499,S5_twin_shock_imf_bailout,indonesia,USDC
834,0.7405714064608885,36804.007487295356,499,S5_twin_shock_imf_bailout,indonesia,USDC
835,0.7470383361527586,35883.90730011297,499,S5_twin_shock_imf_bailout,indonesia,USDC
836,0.7561682998923424,34986.809617610146,499,S5_twin_shock_imf_bailout,indonesia,USDC
837,0.7899363028607779,34112.13937716989,499,S5_twin_shock_imf_bailout,indonesia,USDC
838,0.774453994245921,33259.335892740644,499,S5_twin_shock_imf_bailout,indonesia,USDC
839,0.7666101816756773,32427.85249542213,499,S5_twin_shock_imf_bailout,indonesia,USDC
840,0.761108069013378,31617.156183036575,499,S5_twin_shock_imf_bailout,indonesia,USDC
841,0.7912868259170219,30826.72727846066,499,S5_twin_shock_imf_bailout,indonesia,USDC
842,0.76525252821974,30056.059096499146,499,S5_twin_shock_imf_bailout,indonesia,USDC
843,0.7656388878488256,29304.657619086665,499,S5_twin_shock_imf_bailout,indonesia,USDC
844,0.7778339827678336,28572.0411786095,499,S5_twin_shock_imf_bailout,indonesia,USDC
845,0.7788774450418438,27857.740149144258,499,S5_twin_shock_imf_bailout,indonesia,USDC
846,0.7718177000595192,27161.296645415656,499,S5_twin_shock_imf_bailout,indonesia,USDC
847,0.812946809914324,26482.264229280263,499,S5_twin_shock_imf_bailout,indonesia,USDC
848,0.8051810017590147,25820.207623548256,499,S5_twin_shock_imf_bailout,indonesia,USDC
849,0.7857540376570642,25174.702432959544,499,S5_twin_shock_imf_bailout,indonesia,USDC
850,0.7809296456457405,24545.334872135558,499,S5_twin_shock_imf_bailout,indonesia,USDC
851,0.745821852998237,23931.70150033217,499,S5_twin_shock_imf_bailout,indonesia,USDC
852,0.742418224208119,23333.408962823865,499,S5_twin_shock_imf_bailout,indonesia,USDC
853,0.7461959857519233,22750.073738753268,499,S5_twin_shock_imf_bailout,indonesia,USDC
854,0.7653196270456595,22181.32189528444,499,S5_twin_shock_imf_bailout,indonesia,USDC
855,0.7495385319183465,21626.788847902324,499,S5_twin_shock_imf_bailout,indonesia,USDC
856,0.731548226492378,21086.11912670477,499,S5_twin_shock_imf_bailout,indonesia,USDC
857,0.7474957389427037,20558.966148537147,499,S5_twin_shock_imf_bailout,indonesia,USDC
858,0.7448097904724403,20044.991994823722,499,S5_twin_shock_imf_bailout,indonesia,USDC
859,0.7542637075046437,19543.867194953127,499,S5_twin_shock_imf_bailout,indonesia,USDC
860,0.7544300950777223,19055.270515079297,499,S5_twin_shock_imf_bailout,indonesia,USDC
861,0.7507948283636866,18578.888752202314,499,S5_twin_shock_imf_bailout,indonesia,USDC
862,0.7473319396680311,18114.41653339726,499,S5_twin_shock_imf_bailout,indonesia,USDC
863,0.7372034205396846,17661.556120062327,499,S5_twin_shock_imf_bailout,indonesia,USDC
864,0.7282942483664506,17220.01721706077,499,S5_twin_shock_imf_bailout,indonesia,USDC
865,0.7250600248094348,16789.51678663425,499,S5_twin_shock_imf_bailout,indonesia,USDC
866,0.7264955132661867,16369.778866968392,499,S5_twin_shock_imf_bailout,indonesia,USDC
867,0.7434074503511044,15960.534395294184,499,S5_twin_shock_imf_bailout,indonesia,USDC
868,0.7659300512248223,15561.521035411828,499,S5_twin_shock_imf_bailout,indonesia,USDC
869,0.7842740262542616,15172.483009526533,499,S5_twin_shock_imf_bailout,indonesia,USDC
870,0.783074217980492,14793.17093428837,499,S5_twin_shock_imf_bailout,indonesia,USDC
871,0.7737024486718881,14423.34166093116,499,S5_twin_shock_imf_bailout,indonesia,USDC
872,0.7744213938135058,14062.758119407881,499,S5_twin_shock_imf_bailout,indonesia,USDC
873,0.7634506081885158,13711.189166422684,499,S5_twin_shock_imf_bailout,indonesia,USDC
874,0.7774780758281764,13368.409437262117,499,S5_twin_shock_imf_bailout,indonesia,USDC
875,0.7793333918251882,13034.199201330564,499,S5_twin_shock_imf_bailout,indonesia,USDC
876,0.7748104089773341,12708.3442212973,499,S5_twin_shock_imf_bailout,indonesia,USDC
877,0.7555252277089334,12390.635615764868,499,S5_twin_shock_imf_bailout,indonesia,USDC
878,0.7708946877274035,12080.869725370747,499,S5_twin_shock_imf_bailout,indonesia,USDC
879,0.7609111588221843,11778.847982236477,499,S5_twin_shock_imf_bailout,indonesia,USDC
880,0.7558894503140258,11484.376782680567,499,S5_twin_shock_imf_bailout,indonesia,USDC
881,0.7534046169745582,11197.267363113551,499,S5_twin_shock_imf_bailout,indonesia,USDC
882,0.7559595986548076,10917.335679035714,499,S5_twin_shock_imf_bailout,indonesia,USDC
883,0.7519389760118635,10644.40228705982,499,S5_twin_shock_imf_bailout,indonesia,USDC
884,0.7389418116705841,10378.292229883324,499,S5_twin_shock_imf_bailout,indonesia,USDC
885,0.7418705908916332,10118.834924136241,499,S5_twin_shock_imf_bailout,indonesia,USDC
886,0.7374171418321749,9865.864051032835,499,S5_twin_shock_imf_bailout,indonesia,USDC
887,0.7547615172482647,9619.217449757014,499,S5_twin_shock_imf_bailout,indonesia,USDC
888,0.75238445521525,9378.737013513088,499,S5_twin_shock_imf_bailout,indonesia,USDC
889,0.7442308136433223,9144.268588175262,499,S5_twin_shock_imf_bailout,indonesia,USDC
890,0.751611573752641,8915.66187347088,499,S5_twin_shock_imf_bailout,indonesia,USDC
891,0.7519911116452723,8692.770326634109,499,S5_twin_shock_imf_bailout,indonesia,USDC
892,0.7517567209682867,8475.451068468255,499,S5_twin_shock_imf_bailout,indonesia,USDC
893,0.737163928359576,8263.56479175655,499,S5_twin_shock_imf_bailout,indonesia,USDC
894,0.7445596208367196,8056.975671962635,499,S5_twin_shock_imf_bailout,indonesia,USDC
895,0.7399818647229301,7855.55128016357,499,S5_twin_shock_imf_bailout,indonesia,USDC
896,0.7491300828513511,7659.16249815948,499,S5_twin_shock_imf_bailout,indonesia,USDC
897,0.7233058599917189,7467.683435705493,499,S5_twin_shock_imf_bailout,indonesia,USDC
898,0.7422189864618982,7280.991349812855,499,S5_twin_shock_imf_bailout,indonesia,USDC
899,0.7442763504488377,7098.966566067533,499,S5_twin_shock_imf_bailout,indonesia,USDC
900,0.749610096512044,6921.492401915845,499,S5_twin_shock_imf_bailout,indonesia,USDC
901,0.7421068635456071,6748.455091867949,499,S5_twin_shock_imf_bailout,indonesia,USDC
902,0.7589422819332371,6579.74371457125,499,S5_twin_shock_imf_bailout,indonesia,USDC
903,0.7581288833004061,6415.250121706969,499,S5_twin_shock_imf_bailout,indonesia,USDC
904,0.7673842567084485,6254.8688686642945,499,S5_twin_shock_imf_bailout,indonesia,USDC
905,0.7707396267819344,6098.497146947688,499,S5_twin_shock_imf_bailout,indonesia,USDC
906,0.7801174501750918,5946.034718273995,499,S5_twin_shock_imf_bailout,indonesia,USDC
907,0.7776477939776331,5797.383850317145,499,S5_twin_shock_imf_bailout,indonesia,USDC
908,0.7801955394513939,5652.449254059216,499,S5_twin_shock_imf_bailout,indonesia,USDC
909,0.786264723474735,5511.138022707736,499,S5_twin_shock_imf_bailout,indonesia,USDC
910,0.7704034915911275,5373.3595721400425,499,S5_twin_shock_imf_bailout,indonesia,USDC
911,0.7681976379098985,5239.025582836542,499,S5_twin_shock_imf_bailout,indonesia,USDC
912,0.7779692522177074,5108.049943265628,499,S5_twin_shock_imf_bailout,indonesia,USDC
913,0.793838552101382,4980.348694683988,499,S5_twin_shock_imf_bailout,indonesia,USDC
914,0.7898650618738158,4855.839977316888,499,S5_twin_shock_imf_bailout,indonesia,USDC
915,0.7527600988718469,4734.443977883965,499,S5_twin_shock_imf_bailout,indonesia,USDC
916,0.7597358793510304,4616.082878436866,499,S5_twin_shock_imf_bailout,indonesia,USDC
917,0.798726748933151,4500.680806475944,499,S5_twin_shock_imf_bailout,indonesia,USDC
918,0.800230225944332,4388.163786314046,499,S5_twin_shock_imf_bailout,indonesia,USDC
919,0.8020962440042674,4278.459691656195,499,S5_twin_shock_imf_bailout,indonesia,USDC
920,0.8331358368674339,4171.498199364789,499,S5_twin_shock_imf_bailout,indonesia,USDC
921,0.8108053114476191,4067.2107443806694,499,S5_twin_shock_imf_bailout,indonesia,USDC
922,0.8003574481166836,3965.530475771153,499,S5_twin_shock_imf_bailout,indonesia,USDC
923,0.7985838075923128,3866.3922138768744,499,S5_twin_shock_imf_bailout,indonesia,USDC
924,0.7773663755554344,3769.7324085299524,499,S5_twin_shock_imf_bailout,indonesia,USDC
925,0.7743413696642361,3675.4890983167033,499,S5_twin_shock_imf_bailout,indonesia,USDC
926,0.7901839977538933,3583.6018708587862,499,S5_twin_shock_imf_bailout,indonesia,USDC
927,0.807574138670855,3494.011824087316,499,S5_twin_shock_imf_bailout,indonesia,USDC
928,0.8143222389816446,3406.661528485133,499,S5_twin_shock_imf_bailout,indonesia,USDC
929,0.7934167878084882,3321.494990273005,499,S5_twin_shock_imf_bailout,indonesia,USDC
930,0.7883310905279743,3238.45761551618,499,S5_twin_shock_imf_bailout,indonesia,USDC
931,0.7998611397505927,3157.4961751282754,499,S5_twin_shock_imf_bailout,indonesia,USDC
932,0.7936320085480201,3078.558770750069,499,S5_twin_shock_imf_bailout,indonesia,USDC
933,0.8052855802109977,3001.594801481317,499,S5_twin_shock_imf_bailout,indonesia,USDC
934,0.8035142504810657,2926.554931444284,499,S5_twin_shock_imf_bailout,indonesia,USDC
935,0.819957673527184,2853.391058158177,499,S5_twin_shock_imf_bailout,indonesia,USDC
936,0.8216608867719949,2782.056281704223,499,S5_twin_shock_imf_bailout,indonesia,USDC
937,0.8231868773053564,2712.504874661617,499,S5_twin_shock_imf_bailout,indonesia,USDC
938,0.8302718493617304,2644.692252795077,499,S5_twin_shock_imf_bailout,indonesia,USDC
939,0.822315742648918,2578.5749464752,499,S5_twin_shock_imf_bailout,indonesia,USDC
940,0.7657176299410128,2514.11057281332,499,S5_twin_shock_imf_bailout,indonesia,USDC
941,0.7852339571671925,2451.257808492987,499,S5_twin_shock_imf_bailout,indonesia,USDC
942,0.7762599751580396,2389.976363280662,499,S5_twin_shock_imf_bailout,indonesia,USDC
943,0.7820321675774746,2330.226954198645,499,S5_twin_shock_imf_bailout,indonesia,USDC
944,0.8084913469749483,2271.971280343679,499,S5_twin_shock_imf_bailout,indonesia,USDC
945,0.8079744385310442,2215.171998335087,499,S5_twin_shock_imf_bailout,indonesia,USDC
946,0.7657755986470504,2159.7926983767097,499,S5_twin_shock_imf_bailout,indonesia,USDC
947,0.7734970768498288,2105.7978809172923,499,S5_twin_shock_imf_bailout,indonesia,USDC
948,0.7709221740433088,2053.1529338943596,499,S5_twin_shock_imf_bailout,indonesia,USDC
949,0.771685529960374,2001.824110547001,499,S5_twin_shock_imf_bailout,indonesia,USDC
950,0.7579544995498145,1951.778507783326,499,S5_twin_shock_imf_bailout,indonesia,USDC
951,0.741637781322801,1902.9840450887427,499,S5_twin_shock_imf_bailout,indonesia,USDC
952,0.7601596084932247,1855.4094439615242,499,S5_twin_shock_imf_bailout,indonesia,USDC
953,0.772460814300888,1809.024207862486,499,S5_twin_shock_imf_bailout,indonesia,USDC
954,0.7868503742356083,1763.798602665924,499,S5_twin_shock_imf_bailout,indonesia,USDC
955,0.7669201845104432,1719.7036375992757,499,S5_twin_shock_imf_bailout,indonesia,USDC
956,0.7808388121016894,1676.7110466592937,499,S5_twin_shock_imf_bailout,indonesia,USDC
957,0.7860729132105847,1634.7932704928114,499,S5_twin_shock_imf_bailout,indonesia,USDC
958,0.8009768919372616,1593.923438730491,499,S5_twin_shock_imf_bailout,indonesia,USDC
959,0.7968398738116168,1554.0753527622292,499,S5_twin_shock_imf_bailout,indonesia,USDC
960,0.8036811816521536,1515.2234689431732,499,S5_twin_shock_imf_bailout,indonesia,USDC
961,0.7939187732446196,1477.3428822195938,499,S5_twin_shock_imf_bailout,indonesia,USDC
962,0.7854059503378488,1440.409310164104,499,S5_twin_shock_imf_bailout,indonesia,USDC
963,0.7729588888186006,1404.3990774100014,499,S5_twin_shock_imf_bailout,indonesia,USDC
964,0.7722440808783336,1369.2891004747512,499,S5_twin_shock_imf_bailout,indonesia,USDC
965,0.7483035059764878,1335.0568729628826,499,S5_twin_shock_imf_bailout,indonesia,USDC
966,0.7796693508641704,1301.6804511388104,499,S5_twin_shock_imf_bailout,indonesia,USDC
967,0.770382368223667,1269.1384398603402,499,S5_twin_shock_imf_bailout,indonesia,USDC
968,0.8079435403324129,1237.4099788638318,499,S5_twin_shock_imf_bailout,indonesia,USDC
969,0.7938329353051808,1206.474729392236,499,S5_twin_shock_imf_bailout,indonesia,USDC
970,0.7861679450542387,1176.31286115743,499,S5_twin_shock_imf_bailout,indonesia,USDC
971,0.7588280217646094,1146.9050396284943,499,S5_twin_shock_imf_bailout,indonesia,USDC
972,0.7669387555742272,1118.232413637782,499,S5_twin_shock_imf_bailout,indonesia,USDC
973,0.7586446273033186,1090.2766032968375,499,S5_twin_shock_imf_bailout,indonesia,USDC
974,0.7611720122624595,1063.0196882144164,499,S5_twin_shock_imf_bailout,indonesia,USDC
975,0.7701343990513279,1036.4441960090562,499,S5_twin_shock_imf_bailout,indonesia,USDC
976,0.7691475654421903,1010.5330911088297,499,S5_twin_shock_imf_bailout,indonesia,USDC
977,0.7751251178858066,985.2697638311089,499,S5_twin_shock_imf_bailout,indonesia,USDC
978,0.7863514795341475,960.6380197353312,499,S5_twin_shock_imf_bailout,indonesia,USDC
979,0.7840920698261956,936.6220692419479,499,S5_twin_shock_imf_bailout,indonesia,USDC
980,0.8029476491498336,913.2065175108992,499,S5_twin_shock_imf_bailout,indonesia,USDC
981,0.7858333275517255,890.3763545731267,499,S5_twin_shock_imf_bailout,indonesia,USDC
982,0.7458993965011438,868.1169457087985,499,S5_twin_shock_imf_bailout,indonesia,USDC
983,0.7625470845575049,846.4140220660786,499,S5_twin_shock_imf_bailout,indonesia,USDC
984,0.7915047565222945,825.2536715144265,499,S5_twin_shock_imf_bailout,indonesia,USDC
985,0.7807605414727603,804.6223297265659,499,S5_twin_shock_imf_bailout,indonesia,USDC
986,0.7852500527081765,784.5067714834017,499,S5_twin_shock_imf_bailout,indonesia,USDC
987,0.7798465844961778,764.8941021963167,499,S5_twin_shock_imf_bailout,indonesia,USDC
988,0.7740165379463505,745.7717496414087,499,S5_twin_shock_imf_bailout,indonesia,USDC
989,0.7823612221589678,727.1274559003735,499,S5_twin_shock_imf_bailout,indonesia,USDC
990,0.7964014868285255,708.9492695028642,499,S5_twin_shock_imf_bailout,indonesia,USDC
991,0.7867858100612317,691.2255377652926,499,S5_twin_shock_imf_bailout,indonesia,USDC
992,0.7649913621482712,673.9448993211603,499,S5_twin_shock_imf_bailout,indonesia,USDC
993,0.750795617708161,657.0962768381313,499,S5_twin_shock_imf_bailout,indonesia,USDC
994,0.7479078662656763,640.668869917178,499,S5_twin_shock_imf_bailout,indonesia,USDC
995,0.7679358186452498,624.6521481692484,499,S5_twin_shock_imf_bailout,indonesia,USDC
996,0.7663240806662844,609.0358444650172,499,S5_twin_shock_imf_bailout,indonesia,USDC
997,0.7707670111369574,593.8099483533919,499,S5_twin_shock_imf_bailout,indonesia,USDC
998,0.7542204777588781,578.9646996445571,499,S5_twin_shock_imf_bailout,indonesia,USDC
999,0.7812830409277266,564.4905821534431,499,S5_twin_shock_imf_bailout,indonesia,USDC
1000,0.7790269601768754,550.378317599607,499,S5_twin_shock_imf_bailout,indonesia,USDC
