Step,price,liquidity,iteration,scenario,region,coin
1,250001.02721404014,7193323987837.316,185,S4_twin_shock_cex_intervention,united_states,USDC
2,187502.0,7193333362837.316,185,S4_twin_shock_cex_intervention,united_states,USDC
3,140627.0,7193340394087.316,185,S4_twin_shock_cex_intervention,united_states,USDC
4,105470.75,7193345667524.816,185,S4_twin_shock_cex_intervention,united_states,USDC
5,79103.5625,7193349622602.941,185,S4_twin_shock_cex_intervention,united_states,USDC
6,59328.171875,7193352588911.535,185,S4_twin_shock_cex_intervention,united_states,USDC
7,44496.62890625,7193354813642.98,185,S4_twin_shock_cex_intervention,united_states,USDC
8,33372.9716796875,7193356482191.564,185,S4_twin_shock_cex_intervention,united_states,USDC
9,25030.228759765625,7193357733603.002,185,S4_twin_shock_cex_intervention,united_states,USDC
10,18773.17156982422,7193358672161.58,185,S4_twin_shock_cex_intervention,united_states,USDC
11,14080.378677368164,7193359376080.514,185,S4_twin_shock_cex_intervention,united_states,USDC
12,10560.784008026123,7193359904019.715,185,S4_twin_shock_cex_intervention,united_states,USDC
13,7921.088006019592,7193360299974.115,185,S4_twin_shock_cex_intervention,united_states,USDC
14,5941.316004514694,7193360596939.916,185,S4_twin_shock_cex_intervention,united_states,USDC
15,4456.487003386021,7193360819664.266,185,S4_twin_shock_cex_intervention,united_states,USDC
16,3342.8652525395155,7193360986707.528,185,S4_twin_shock_cex_intervention,united_states,USDC
17,2507.6489394046366,7193361111989.975,185,S4_twin_shock_cex_intervention,united_states,USDC
18,1881.2367045534775,7193361205951.811,185,S4_twin_shock_cex_intervention,united_states,USDC
19,1411.427528415108,7193361276423.1875,185,S4_twin_shock_cex_intervention,united_states,USDC
20,1059.070646311331,7193361329276.72,185,S4_twin_shock_cex_intervention,united_states,USDC
21,794.8029847334983,7193361368916.869,185,S4_twin_shock_cex_intervention,united_states,USDC
22,596.6022385501237,7193361398646.98,185,S4_twin_shock_cex_intervention,united_states,USDC
23,447.9516789125928,7193361420944.564,185,S4_twin_shock_cex_intervention,united_states,USDC
24,336.4637591844446,7193361437667.752,185,S4_twin_shock_cex_intervention,united_states,USDC
25,252.84781938833345,7193361450210.143,185,S4_twin_shock_cex_intervention,united_states,USDC
26,190.1358645412501,7193361459616.936,185,S4_twin_shock_cex_intervention,united_states,USDC
27,143.1018984059376,7193361466672.031,185,S4_twin_shock_cex_intervention,united_states,USDC
28,107.82642380445319,7193361471963.353,185,S4_twin_shock_cex_intervention,united_states,USDC
29,81.3698178533399,7193361475931.843,185,S4_twin_shock_cex_intervention,united_states,USDC
30,61.52736339000492,7193361478908.211,185,S4_twin_shock_cex_intervention,united_states,USDC
31,46.6455225425037,7193361481140.487,185,S4_twin_shock_cex_intervention,united_states,USDC
32,35.484141906877774,7193361482814.693,185,S4_twin_shock_cex_intervention,united_states,USDC
33,27.11310643015833,7193361484070.35,185,S4_twin_shock_cex_intervention,united_states,USDC
34,20.834829822618744,7193361485012.092,185,S4_twin_shock_cex_intervention,united_states,USDC
35,16.12612236696406,7193361485718.398,185,S4_twin_shock_cex_intervention,united_states,USDC
36,12.594591775223044,7193361486248.128,185,S4_twin_shock_cex_intervention,united_states,USDC
37,9.945943831417281,7193361486645.426,185,S4_twin_shock_cex_intervention,united_states,USDC
38,7.959457873562963,7193361486943.398,185,S4_twin_shock_cex_intervention,united_states,USDC
39,6.469593405172222,7193361487166.878,185,S4_twin_shock_cex_intervention,united_states,USDC
40,5.352195053879166,7193361487334.488,185,S4_twin_shock_cex_intervention,united_states,USDC
41,4.514146290409375,7193361487460.195,185,S4_twin_shock_cex_intervention,united_states,USDC
42,3.8856097178070312,7193361487554.476,185,S4_twin_shock_cex_intervention,united_states,USDC
43,3.414207288355273,7193361487625.187,185,S4_twin_shock_cex_intervention,united_states,USDC
44,3.060655466266455,7193361487678.22,185,S4_twin_shock_cex_intervention,united_states,USDC
45,2.795491599699841,7193361487717.994,185,S4_twin_shock_cex_intervention,united_states,USDC
46,2.596618699774881,7193361487747.826,185,S4_twin_shock_cex_intervention,united_states,USDC
47,2.4474640248311608,7193361487770.199,185,S4_twin_shock_cex_intervention,united_states,USDC
48,2.3355980186233705,7193361487786.979,185,S4_twin_shock_cex_intervention,united_states,USDC
49,2.251698513967528,7193361487799.5625,185,S4_twin_shock_cex_intervention,united_states,USDC
50,2.188773885475646,7193361487809.001,185,S4_twin_shock_cex_intervention,united_states,USDC
51,2.132109034863631,7193361487816.08,185,S4_twin_shock_cex_intervention,united_states,USDC
52,2.106185310580051,7193361487821.389,185,S4_twin_shock_cex_intervention,united_states,USDC
53,2.043782993774126,7193361487825.371,185,S4_twin_shock_cex_intervention,united_states,USDC
54,1.9826697675760896,7193361487828.357,185,S4_twin_shock_cex_intervention,united_states,USDC
55,1.8421801878698847,7193361487830.598,185,S4_twin_shock_cex_intervention,united_states,USDC
56,1.7997317959131554,7193361487832.277,185,S4_twin_shock_cex_intervention,united_states,USDC
57,1.7734044009743448,7193361487833.537,185,S4_twin_shock_cex_intervention,united_states,USDC
58,1.7179478356452353,7193361487834.482,185,S4_twin_shock_cex_intervention,united_states,USDC
59,1.6363841364960345,7193361487835.191,185,S4_twin_shock_cex_intervention,united_states,USDC
60,1.5820757586518996,7193361487835.723,185,S4_twin_shock_cex_intervention,united_states,USDC
61,1.5354925686126715,7193361487836.121,185,S4_twin_shock_cex_intervention,united_states,USDC
62,1.4881948003949441,7193361487836.42,185,S4_twin_shock_cex_intervention,united_states,USDC
63,1.4399499017704134,7193361487836.645,185,S4_twin_shock_cex_intervention,united_states,USDC
64,1.3284154188517385,7193361487836.8125,185,S4_twin_shock_cex_intervention,united_states,USDC
65,1.2760998341886876,7193361487836.938,185,S4_twin_shock_cex_intervention,united_states,USDC
66,1.2489981463413022,7193361487837.033,185,S4_twin_shock_cex_intervention,united_states,USDC
67,1.2110299317716497,7193361487837.104,185,S4_twin_shock_cex_intervention,united_states,USDC
68,1.221134570810665,7193361487837.156,185,S4_twin_shock_cex_intervention,united_states,USDC
69,1.180178929442289,7193361487837.196,185,S4_twin_shock_cex_intervention,united_states,USDC
70,1.1630497731614964,7193361487837.226,185,S4_twin_shock_cex_intervention,united_states,USDC
71,1.1646668954550257,7193361487837.248,185,S4_twin_shock_cex_intervention,united_states,USDC
72,1.1748554058013543,7193361487837.264,185,S4_twin_shock_cex_intervention,united_states,USDC
73,1.1750560575407363,7193361487837.277,185,S4_twin_shock_cex_intervention,united_states,USDC
74,1.174111302138538,7193361487837.285,185,S4_twin_shock_cex_intervention,united_states,USDC
75,1.2073238551668883,7193361487837.293,185,S4_twin_shock_cex_intervention,united_states,USDC
76,1.1883296880010699,7193361487837.299,185,S4_twin_shock_cex_intervention,united_states,USDC
77,1.1581041691947647,7193361487837.303,185,S4_twin_shock_cex_intervention,united_states,USDC
78,1.1355115463744332,7193361487837.307,185,S4_twin_shock_cex_intervention,united_states,USDC
79,1.1353741885006363,7193361487837.309,185,S4_twin_shock_cex_intervention,united_states,USDC
80,1.079190595807937,7193361487837.311,185,S4_twin_shock_cex_intervention,united_states,USDC
81,1.0890931257379386,7193361487837.3125,185,S4_twin_shock_cex_intervention,united_states,USDC
82,1.0688755381982686,7193361487837.313,185,S4_twin_shock_cex_intervention,united_states,USDC
83,1.0688231155956425,7193361487837.313,185,S4_twin_shock_cex_intervention,united_states,USDC
84,1.060891118318643,7193361487837.313,185,S4_twin_shock_cex_intervention,united_states,USDC
85,1.0526444633944283,7193361487837.313,185,S4_twin_shock_cex_intervention,united_states,USDC
86,1.0949371917572364,7193361487837.313,185,S4_twin_shock_cex_intervention,united_states,USDC
87,1.07752657866327,7193361487837.313,185,S4_twin_shock_cex_intervention,united_states,USDC
88,1.0654458463109242,7193361487837.313,185,S4_twin_shock_cex_intervention,united_states,USDC
89,1.020099724791163,7193361487837.313,185,S4_twin_shock_cex_intervention,united_states,USDC
90,0.993026691134929,7193361487837.313,185,S4_twin_shock_cex_intervention,united_states,USDC
91,1.021394907002637,7193361487837.313,185,S4_twin_shock_cex_intervention,united_states,USDC
92,1.0396714301941705,7193361487837.313,185,S4_twin_shock_cex_intervention,united_states,USDC
93,1.014206759589194,7193361487837.313,185,S4_twin_shock_cex_intervention,united_states,USDC
94,1.0026914878796387,7193361487837.313,185,S4_twin_shock_cex_intervention,united_states,USDC
95,0.994019087728597,7193361487837.313,185,S4_twin_shock_cex_intervention,united_states,USDC
96,0.9768785282205624,7193361487837.313,185,S4_twin_shock_cex_intervention,united_states,USDC
97,1.0216505085795875,7193361487837.313,185,S4_twin_shock_cex_intervention,united_states,USDC
98,0.9946405175308184,7193361487837.313,185,S4_twin_shock_cex_intervention,united_states,USDC
99,1.0128627318300953,7193361487837.313,185,S4_twin_shock_cex_intervention,united_states,USDC
100,1.0129450033067786,7193361487837.313,185,S4_twin_shock_cex_intervention,united_states,USDC
101,0.8519760808397074,7193361487837.313,185,S4_twin_shock_cex_intervention,united_states,USDC
102,0.8720486065357893,7175840411178.465,185,S4_twin_shock_cex_intervention,united_states,USDC
103,0.8739773436107948,7163624588186.431,185,S4_twin_shock_cex_intervention,united_states,USDC
104,0.8967053511042792,7153055660917.229,185,S4_twin_shock_cex_intervention,united_states,USDC
105,0.9161329818921068,7145403517303.111,185,S4_twin_shock_cex_intervention,united_states,USDC
106,0.9506799508666312,7140485208221.527,185,S4_twin_shock_cex_intervention,united_states,USDC
107,0.9467047044980202,7138824765938.72,185,S4_twin_shock_cex_intervention,united_states,USDC
108,0.9334934457696893,7136922008301.814,185,S4_twin_shock_cex_intervention,united_states,USDC
109,0.9631970386625653,7133726394011.896,185,S4_twin_shock_cex_intervention,united_states,USDC
110,0.9559311979432022,7133241398532.99,185,S4_twin_shock_cex_intervention,united_states,USDC
111,0.9523489155284727,7132088377707.524,185,S4_twin_shock_cex_intervention,united_states,USDC
112,1.0057760467705574,7130718301065.99,185,S4_twin_shock_cex_intervention,united_states,USDC
113,1.0019422464788825,7130718301065.99,185,S4_twin_shock_cex_intervention,united_states,USDC
114,1.00174131948776,7130718301065.99,185,S4_twin_shock_cex_intervention,united_states,USDC
115,0.9986157215472873,7130718301065.99,185,S4_twin_shock_cex_intervention,united_states,USDC
116,1.0160930444420582,7130718301065.99,185,S4_twin_shock_cex_intervention,united_states,USDC
117,0.9833578444448432,7130718301065.99,185,S4_twin_shock_cex_intervention,united_states,USDC
118,0.9634086820716469,7130718301065.99,185,S4_twin_shock_cex_intervention,united_states,USDC
119,0.9788360041695982,7130318918621.966,185,S4_twin_shock_cex_intervention,united_states,USDC
120,0.9594650036229023,7130318918621.966,185,S4_twin_shock_cex_intervention,united_states,USDC
121,0.939777029273408,6951313575123.379,185,S4_twin_shock_cex_intervention,united_states,USDC
122,0.9704289401499588,6775175620863.099,185,S4_twin_shock_cex_intervention,united_states,USDC
123,0.9362411167553882,6605796230341.521,185,S4_twin_shock_cex_intervention,united_states,USDC
124,0.9120836475596484,6438261401722.126,185,S4_twin_shock_cex_intervention,united_states,USDC
125,0.9062630171022967,6273141908022.852,185,S4_twin_shock_cex_intervention,united_states,USDC
126,0.8808528956175751,6111984395207.238,185,S4_twin_shock_cex_intervention,united_states,USDC
127,0.8628975026454571,5953215682429.5,185,S4_twin_shock_cex_intervention,united_states,USDC
128,0.8487443586496435,5798011552703.14,185,S4_twin_shock_cex_intervention,united_states,USDC
129,0.8563628762959403,5646758082060.582,185,S4_twin_shock_cex_intervention,united_states,USDC
130,0.8688469008163631,5500278539825.436,185,S4_twin_shock_cex_intervention,united_states,USDC
131,0.8601381924614797,5358589425398.258,185,S4_twin_shock_cex_intervention,united_states,USDC
132,0.8655380206180169,5220544692464.658,185,S4_twin_shock_cex_intervention,united_states,USDC
133,0.8644825628249265,5086581642045.16,185,S4_twin_shock_cex_intervention,united_states,USDC
134,0.8637880560491398,4956300783350.598,185,S4_twin_shock_cex_intervention,united_states,USDC
135,0.8525423823089352,4829712025016.397,185,S4_twin_shock_cex_intervention,united_states,USDC
136,0.8118288689695146,4706245513029.807,185,S4_twin_shock_cex_intervention,united_states,USDC
137,0.8144986117607537,4585271514891.3955,185,S4_twin_shock_cex_intervention,united_states,USDC
138,0.8125758448617939,4467899766080.787,185,S4_twin_shock_cex_intervention,united_states,USDC
139,0.8150143933309686,4353958295976.486,185,S4_twin_shock_cex_intervention,united_states,USDC
140,0.8211720873048238,4243199146160.3213,185,S4_twin_shock_cex_intervention,united_states,USDC
141,0.8288738213054606,4135598051372.027,185,S4_twin_shock_cex_intervention,united_states,USDC
142,0.8426348753646156,4030947326746.5713,185,S4_twin_shock_cex_intervention,united_states,USDC
143,0.8304050087560421,3929153958100.247,185,S4_twin_shock_cex_intervention,united_states,USDC
144,0.8056542141494984,3829974199717.287,185,S4_twin_shock_cex_intervention,united_states,USDC
145,0.8049212652653143,3733261626699.6772,185,S4_twin_shock_cex_intervention,united_states,USDC
146,0.7868827057194395,3639139865202.284,185,S4_twin_shock_cex_intervention,united_states,USDC
147,0.7868351536522353,3547427819844.3115,185,S4_twin_shock_cex_intervention,united_states,USDC
148,0.782722057225149,3458153780844.238,185,S4_twin_shock_cex_intervention,united_states,USDC
149,0.7872636812002723,3371194918813.0703,185,S4_twin_shock_cex_intervention,united_states,USDC
150,0.7712790385046109,3286497789367.7803,185,S4_twin_shock_cex_intervention,united_states,USDC
151,0.7609455975189877,3203974029993.3906,185,S4_twin_shock_cex_intervention,united_states,USDC
152,0.7754266221416231,3123565126228.6206,185,S4_twin_shock_cex_intervention,united_states,USDC
153,0.7583142195551063,3045249981121.148,185,S4_twin_shock_cex_intervention,united_states,USDC
154,0.7422853397753659,2968922161133.078,185,S4_twin_shock_cex_intervention,united_states,USDC
155,0.7482364855555707,2894540051115.006,185,S4_twin_shock_cex_intervention,united_states,USDC
156,0.7440031547424836,2822056680627.801,185,S4_twin_shock_cex_intervention,united_states,USDC
157,0.7605318625459143,2751411799373.1533,185,S4_twin_shock_cex_intervention,united_states,USDC
158,0.7717593621642063,2682558953510.507,185,S4_twin_shock_cex_intervention,united_states,USDC
159,0.7682958547201246,2615442032283.5337,185,S4_twin_shock_cex_intervention,united_states,USDC
160,0.7920105431058617,2550012047515.691,185,S4_twin_shock_cex_intervention,united_states,USDC
161,0.7966109580015843,2486232231737.714,185,S4_twin_shock_cex_intervention,united_states,USDC
162,0.7993839271034964,2424053233466.24,185,S4_twin_shock_cex_intervention,united_states,USDC
163,0.8155731978584142,2363431738549.0605,185,S4_twin_shock_cex_intervention,united_states,USDC
164,0.816053358850736,2304331802620.3477,185,S4_twin_shock_cex_intervention,united_states,USDC
165,0.7916936692400551,2246711519942.2095,185,S4_twin_shock_cex_intervention,united_states,USDC
166,0.8061402194394325,2190531420956.896,185,S4_twin_shock_cex_intervention,united_states,USDC
167,0.8171629635666806,2135759229792.5388,185,S4_twin_shock_cex_intervention,united_states,USDC
168,0.8353499416227426,2082358267588.8828,185,S4_twin_shock_cex_intervention,united_states,USDC
169,0.8178250392180755,2030293850813.0386,185,S4_twin_shock_cex_intervention,united_states,USDC
170,0.7972386852014107,1979531167630.6025,185,S4_twin_shock_cex_intervention,united_states,USDC
171,0.7806538758232521,1930037661219.6238,185,S4_twin_shock_cex_intervention,united_states,USDC
172,0.7929659752638228,1881782101577.9834,185,S4_twin_shock_cex_intervention,united_states,USDC
173,0.7890164615802409,1834733989403.9756,185,S4_twin_shock_cex_intervention,united_states,USDC
174,0.804760372403821,1788862780074.335,185,S4_twin_shock_cex_intervention,united_states,USDC
175,0.8160776772337761,1744139026914.7666,185,S4_twin_shock_cex_intervention,united_states,USDC
176,0.792659273395629,1700533924793.0054,185,S4_twin_shock_cex_intervention,united_states,USDC
177,0.8029266119490549,1658018945801.2761,185,S4_twin_shock_cex_intervention,united_states,USDC
178,0.7979340280359828,1616567155610.199,185,S4_twin_shock_cex_intervention,united_states,USDC
179,0.7858662070052062,1576151876267.4634,185,S4_twin_shock_cex_intervention,united_states,USDC
180,0.800137899666199,1536747144884.3286,185,S4_twin_shock_cex_intervention,united_states,USDC
181,0.7592470695673946,1498327714636.4346,185,S4_twin_shock_cex_intervention,united_states,USDC
182,0.7621922911809911,1460868781404.9668,185,S4_twin_shock_cex_intervention,united_states,USDC
183,0.7936305969361369,1424346496299.2148,185,S4_twin_shock_cex_intervention,united_states,USDC
184,0.8098004130399921,1388737451356.9417,185,S4_twin_shock_cex_intervention,united_states,USDC
185,0.8127776706726589,1354018715348.9932,185,S4_twin_shock_cex_intervention,united_states,USDC
186,0.8044472763649833,1320168005807.5945,185,S4_twin_shock_cex_intervention,united_states,USDC
187,0.8115964699254212,1287163590891.4277,185,S4_twin_shock_cex_intervention,united_states,USDC
188,0.8352315475885211,1254984322152.4548,185,S4_twin_shock_cex_intervention,united_states,USDC
189,0.8150923705016876,1223609591983.872,185,S4_twin_shock_cex_intervention,united_states,USDC
190,0.8016250396532834,1193019230209.874,185,S4_twin_shock_cex_intervention,united_states,USDC
191,0.786702279736874,1163193632657.1338,185,S4_twin_shock_cex_intervention,united_states,USDC
192,0.7798225229070322,1134113690818.2156,185,S4_twin_shock_cex_intervention,united_states,USDC
193,0.7757428993026712,1105760760995.566,185,S4_twin_shock_cex_intervention,united_states,USDC
194,0.7830700720957805,1078116669830.5787,185,S4_twin_shock_cex_intervention,united_states,USDC
195,0.7976912025963339,1051163697309.5764,185,S4_twin_shock_cex_intervention,united_states,USDC
196,0.7918162828478502,1024884563945.1399,185,S4_twin_shock_cex_intervention,united_states,USDC
197,0.8064603596411957,999262414750.1133,185,S4_twin_shock_cex_intervention,united_states,USDC
198,0.8235114808475942,974280826807.3802,185,S4_twin_shock_cex_intervention,united_states,USDC
199,0.8118494139983329,949923785602.3567,185,S4_twin_shock_cex_intervention,united_states,USDC
200,0.8044699543914178,926175672896.5325,185,S4_twin_shock_cex_intervention,united_states,USDC
201,0.7984664638924177,903021264457.2039,185,S4_twin_shock_cex_intervention,united_states,USDC
202,0.8024114310426793,880445719133.1802,185,S4_twin_shock_cex_intervention,united_states,USDC
203,0.8076965756582387,858434564571.3699,185,S4_twin_shock_cex_intervention,united_states,USDC
204,0.796077409246083,836973691726.8552,185,S4_twin_shock_cex_intervention,united_states,USDC
205,0.779766785787796,816049341545.9009,185,S4_twin_shock_cex_intervention,united_states,USDC
206,0.8085829694770701,795648100689.3978,185,S4_twin_shock_cex_intervention,united_states,USDC
207,0.8081796185228408,775756893030.4915,185,S4_twin_shock_cex_intervention,united_states,USDC
208,0.8033617851872881,756362966303.2174,185,S4_twin_shock_cex_intervention,united_states,USDC
209,0.842623623753134,737453888446.3389,185,S4_twin_shock_cex_intervention,united_states,USDC
210,0.8225246572680461,719017538932.6254,185,S4_twin_shock_cex_intervention,united_states,USDC
211,0.8213141667858413,701042098175.8674,185,S4_twin_shock_cex_intervention,united_states,USDC
212,0.8140117323682289,683516043703.9185,185,S4_twin_shock_cex_intervention,united_states,USDC
213,0.7801485873463615,666428140845.0619,185,S4_twin_shock_cex_intervention,united_states,USDC
214,0.7914262389102813,649767435422.6982,185,S4_twin_shock_cex_intervention,united_states,USDC
215,0.7827455615025303,633523248119.4355,185,S4_twin_shock_cex_intervention,united_states,USDC
216,0.799675874202837,617685165717.2708,185,S4_twin_shock_cex_intervention,united_states,USDC
217,0.7939212379663738,602243035645.4592,185,S4_twin_shock_cex_intervention,united_states,USDC
218,0.7714299687478039,587186958991.0107,185,S4_twin_shock_cex_intervention,united_states,USDC
219,0.7744814858977823,572507284288.0742,185,S4_twin_shock_cex_intervention,united_states,USDC
220,0.8072253195595077,558194601605.0425,185,S4_twin_shock_cex_intervention,united_states,USDC
221,0.8147919811416557,544239736162.3307,185,S4_twin_shock_cex_intervention,united_states,USDC
222,0.8054102958826326,530633742438.818,185,S4_twin_shock_cex_intervention,united_states,USDC
223,0.786297186338437,517367898610.10986,185,S4_twin_shock_cex_intervention,united_states,USDC
224,0.8007934646627003,504433700877.95874,185,S4_twin_shock_cex_intervention,united_states,USDC
225,0.8155872690911731,491822858168.46106,185,S4_twin_shock_cex_intervention,united_states,USDC
226,0.7533665664016436,479527286565.0488,185,S4_twin_shock_cex_intervention,united_states,USDC
227,0.7738296337843461,467539104224.17883,185,S4_twin_shock_cex_intervention,united_states,USDC
228,0.7695593947496593,455850626493.6915,185,S4_twin_shock_cex_intervention,united_states,USDC
229,0.7711292026951766,444454360727.1986,185,S4_twin_shock_cex_intervention,united_states,USDC
230,0.7825158358460538,433343001628.6086,185,S4_twin_shock_cex_intervention,united_states,USDC
231,0.7860347804218146,422509426528.4839,185,S4_twin_shock_cex_intervention,united_states,USDC
232,0.7639662560702545,411946690815.952,185,S4_twin_shock_cex_intervention,united_states,USDC
233,0.7549058517675818,401648023500.7929,185,S4_twin_shock_cex_intervention,united_states,USDC
234,0.7341338252586711,391606822877.19214,185,S4_twin_shock_cex_intervention,united_states,USDC
235,0.7386611780125355,381816652273.67847,185,S4_twin_shock_cex_intervention,united_states,USDC
236,0.72275967094683,372271235943.8366,185,S4_twin_shock_cex_intervention,united_states,USDC
237,0.7384904844212883,362964455026.3841,185,S4_twin_shock_cex_intervention,united_states,USDC
238,0.7325272342619351,353890343638.0129,185,S4_twin_shock_cex_intervention,united_states,USDC
239,0.743692205093706,345043085036.56244,185,S4_twin_shock_cex_intervention,united_states,USDC
240,0.7312799503037654,336417007903.18024,185,S4_twin_shock_cex_intervention,united_states,USDC
241,0.7495012450247014,328006582699.37964,185,S4_twin_shock_cex_intervention,united_states,USDC
242,0.7467595424654726,319806418127.6177,185,S4_twin_shock_cex_intervention,united_states,USDC
243,0.7557647192123531,311811257670.98035,185,S4_twin_shock_cex_intervention,united_states,USDC
244,0.7706116444698228,304015976226.7434,185,S4_twin_shock_cex_intervention,united_states,USDC
245,0.7772700231650409,296415576819.18854,185,S4_twin_shock_cex_intervention,united_states,USDC
246,0.7950323807330264,289005187397.3096,185,S4_twin_shock_cex_intervention,united_states,USDC
247,0.8012390301899002,281780057711.323,185,S4_twin_shock_cex_intervention,united_states,USDC
248,0.8119932073543629,274735556267.66632,185,S4_twin_shock_cex_intervention,united_states,USDC
249,0.820419892222054,267867167360.3255,185,S4_twin_shock_cex_intervention,united_states,USDC
250,0.8437755863250124,261170488175.81024,185,S4_twin_shock_cex_intervention,united_states,USDC
251,0.8275961536250256,254641225971.0498,185,S4_twin_shock_cex_intervention,united_states,USDC
252,0.8260549249042235,248275195321.40393,185,S4_twin_shock_cex_intervention,united_states,USDC
253,0.7592473266176172,242068315438.0542,185,S4_twin_shock_cex_intervention,united_states,USDC
254,0.7712402447969153,236016607551.6809,185,S4_twin_shock_cex_intervention,united_states,USDC
255,0.7797671133490197,230116192362.58307,185,S4_twin_shock_cex_intervention,united_states,USDC
256,0.7763964441942056,224363287553.29413,185,S4_twin_shock_cex_intervention,united_states,USDC
257,0.7797081945286135,218754205364.26422,185,S4_twin_shock_cex_intervention,united_states,USDC
258,0.7778500146854911,213285350230.00507,185,S4_twin_shock_cex_intervention,united_states,USDC
259,0.7618147351845139,207953216474.13065,185,S4_twin_shock_cex_intervention,united_states,USDC
260,0.7717463849063425,202754386062.16672,185,S4_twin_shock_cex_intervention,united_states,USDC
261,0.7642702912392239,197685526410.53134,185,S4_twin_shock_cex_intervention,united_states,USDC
262,0.7805938878317463,192743388250.20074,185,S4_twin_shock_cex_intervention,united_states,USDC
263,0.7770776982102235,187924803543.89758,185,S4_twin_shock_cex_intervention,united_states,USDC
264,0.7644190399585192,183226683455.25876,185,S4_twin_shock_cex_intervention,united_states,USDC
265,0.7656568945015418,178646016368.8426,185,S4_twin_shock_cex_intervention,united_states,USDC
266,0.7655000432138303,174179865959.59528,185,S4_twin_shock_cex_intervention,united_states,USDC
267,0.78492420112292,169825369310.5835,185,S4_twin_shock_cex_intervention,united_states,USDC
268,0.7997900712242509,165579735077.8032,185,S4_twin_shock_cex_intervention,united_states,USDC
269,0.79287301093316,161440241700.84686,185,S4_twin_shock_cex_intervention,united_states,USDC
270,0.8106112147298311,157404235658.31567,185,S4_twin_shock_cex_intervention,united_states,USDC
271,0.8089930951075273,153469129766.85004,185,S4_twin_shock_cex_intervention,united_states,USDC
272,0.785545518544493,149632401522.67255,185,S4_twin_shock_cex_intervention,united_states,USDC
273,0.7814758112433804,145891591484.59967,185,S4_twin_shock_cex_intervention,united_states,USDC
274,0.7974152773852302,142244301697.47946,185,S4_twin_shock_cex_intervention,united_states,USDC
275,0.7887455430224678,138688194155.03876,185,S4_twin_shock_cex_intervention,united_states,USDC
276,0.7996924375372694,135220989301.15948,185,S4_twin_shock_cex_intervention,united_states,USDC
277,0.8038036833397901,131840464568.62796,185,S4_twin_shock_cex_intervention,united_states,USDC
278,0.8188310812458869,128544452954.41025,185,S4_twin_shock_cex_intervention,united_states,USDC
279,0.8228351454773754,125330841630.54843,185,S4_twin_shock_cex_intervention,united_states,USDC
280,0.8222494025670873,122197570589.78345,185,S4_twin_shock_cex_intervention,united_states,USDC
281,0.8282390918395975,119142631325.03781,185,S4_twin_shock_cex_intervention,united_states,USDC
282,0.8219064755982475,116164065541.91095,185,S4_twin_shock_cex_intervention,united_states,USDC
283,0.8112937355812168,113259963903.3624,185,S4_twin_shock_cex_intervention,united_states,USDC
284,0.844211478969092,110428464805.77759,185,S4_twin_shock_cex_intervention,united_states,USDC
285,0.8151647969827157,107667753185.63266,185,S4_twin_shock_cex_intervention,united_states,USDC
286,0.8282342294843945,104976059355.99133,185,S4_twin_shock_cex_intervention,united_states,USDC
287,0.8070268634892461,102351657872.09116,185,S4_twin_shock_cex_intervention,united_states,USDC
288,0.7920913176371157,99792866425.28848,185,S4_twin_shock_cex_intervention,united_states,USDC
289,0.6872293565009222,97298044764.6559,185,S4_twin_shock_cex_intervention,united_states,USDC
290,0.7137818971887399,94865593645.53903,185,S4_twin_shock_cex_intervention,united_states,USDC
291,0.7380495626028456,92493953804.40024,185,S4_twin_shock_cex_intervention,united_states,USDC
292,0.7405600089480191,90181604959.29002,185,S4_twin_shock_cex_intervention,united_states,USDC
293,0.7631930891725378,87927064835.30762,185,S4_twin_shock_cex_intervention,united_states,USDC
294,0.7557734851831351,85728888214.4248,185,S4_twin_shock_cex_intervention,united_states,USDC
295,0.7767720397823823,83585666009.0641,185,S4_twin_shock_cex_intervention,united_states,USDC
296,0.7937265280022615,81496024358.83743,185,S4_twin_shock_cex_intervention,united_states,USDC
297,0.8297442820408389,79458623749.86646,185,S4_twin_shock_cex_intervention,united_states,USDC
298,0.8390122730367596,77472158156.11975,185,S4_twin_shock_cex_intervention,united_states,USDC
299,0.8343511836996537,75535354202.21674,185,S4_twin_shock_cex_intervention,united_states,USDC
300,0.8171109576985216,73646970347.1613,185,S4_twin_shock_cex_intervention,united_states,USDC
301,0.8294676576168161,71805796088.48224,185,S4_twin_shock_cex_intervention,united_states,USDC
302,0.8403958830294045,70010651186.27017,185,S4_twin_shock_cex_intervention,united_states,USDC
303,0.8600692999888309,68260384906.6134,185,S4_twin_shock_cex_intervention,united_states,USDC
304,0.8428338735938047,66553875283.948044,185,S4_twin_shock_cex_intervention,united_states,USDC
305,0.8325935516898141,64890028401.84934,185,S4_twin_shock_cex_intervention,united_states,USDC
306,0.8242965631644764,63267777691.8031,185,S4_twin_shock_cex_intervention,united_states,USDC
307,0.8464762478952161,61686083249.508,185,S4_twin_shock_cex_intervention,united_states,USDC
308,0.8264442448697862,60143931168.270294,185,S4_twin_shock_cex_intervention,united_states,USDC
309,0.8085581647477655,58640332889.06353,185,S4_twin_shock_cex_intervention,united_states,USDC
310,0.7827777431553431,57174324566.83693,185,S4_twin_shock_cex_intervention,united_states,USDC
311,0.7832605326437242,55744966452.66599,185,S4_twin_shock_cex_intervention,united_states,USDC
312,0.795692224416207,54351342291.34935,185,S4_twin_shock_cex_intervention,united_states,USDC
313,0.782312860553087,52992558734.06561,185,S4_twin_shock_cex_intervention,united_states,USDC
314,0.7811847957157617,51667744765.71397,185,S4_twin_shock_cex_intervention,united_states,USDC
315,0.7895575388549484,50376051146.57112,185,S4_twin_shock_cex_intervention,united_states,USDC
316,0.7838662826370113,49116649867.90684,185,S4_twin_shock_cex_intervention,united_states,USDC
317,0.7748875448765564,47888733621.20917,185,S4_twin_shock_cex_intervention,united_states,USDC
318,0.7604134841949225,46691515280.67894,185,S4_twin_shock_cex_intervention,united_states,USDC
319,0.754791091629424,45524227398.66197,185,S4_twin_shock_cex_intervention,united_states,USDC
320,0.7707592447328611,44386121713.69542,185,S4_twin_shock_cex_intervention,united_states,USDC
321,0.75873475277587,43276468670.853035,185,S4_twin_shock_cex_intervention,united_states,USDC
322,0.7878025430450954,42194556954.0817,185,S4_twin_shock_cex_intervention,united_states,USDC
323,0.7380377425560048,41139693030.22966,185,S4_twin_shock_cex_intervention,united_states,USDC
324,0.743491253053995,40111200704.47392,185,S4_twin_shock_cex_intervention,united_states,USDC
325,0.7576496479690377,39108420686.862076,185,S4_twin_shock_cex_intervention,united_states,USDC
326,0.7269314335185859,38130710169.69052,185,S4_twin_shock_cex_intervention,united_states,USDC
327,0.7329067021672381,37177442415.448265,185,S4_twin_shock_cex_intervention,united_states,USDC
328,0.7334330553447459,36248006355.06206,185,S4_twin_shock_cex_intervention,united_states,USDC
329,0.761093968812278,35341806196.18551,185,S4_twin_shock_cex_intervention,united_states,USDC
330,0.7856680754830538,34458261041.28087,185,S4_twin_shock_cex_intervention,united_states,USDC
331,0.805882255221075,33596804515.248848,185,S4_twin_shock_cex_intervention,united_states,USDC
332,0.8107807293878294,32756884402.367622,185,S4_twin_shock_cex_intervention,united_states,USDC
333,0.8038734911545622,31937962292.308434,185,S4_twin_shock_cex_intervention,united_states,USDC
334,0.7775834779035264,31139513235.000725,185,S4_twin_shock_cex_intervention,united_states,USDC
335,0.7754693133326277,30361025404.125706,185,S4_twin_shock_cex_intervention,united_states,USDC
336,0.7773090601920001,29601999769.022564,185,S4_twin_shock_cex_intervention,united_states,USDC
337,0.7598911179089153,28861949774.796997,185,S4_twin_shock_cex_intervention,united_states,USDC
338,0.7649511176991677,28140401030.42707,185,S4_twin_shock_cex_intervention,united_states,USDC
339,0.7749947666478777,27436891004.666397,185,S4_twin_shock_cex_intervention,united_states,USDC
340,0.7890098400628689,26750968729.549736,185,S4_twin_shock_cex_intervention,united_states,USDC
341,0.7919747137233233,26082194511.310993,185,S4_twin_shock_cex_intervention,united_states,USDC
342,0.7961668151544457,25430139648.528217,185,S4_twin_shock_cex_intervention,united_states,USDC
343,0.8103041173422332,24794386157.315014,185,S4_twin_shock_cex_intervention,united_states,USDC
344,0.7871861646240746,24174526503.382137,185,S4_twin_shock_cex_intervention,united_states,USDC
345,0.7985682455315086,23570163340.797585,185,S4_twin_shock_cex_intervention,united_states,USDC
346,0.8187770930117957,22980909257.277645,185,S4_twin_shock_cex_intervention,united_states,USDC
347,0.8125742138562988,22406386525.845703,185,S4_twin_shock_cex_intervention,united_states,USDC
348,0.835654344963548,21846226862.699562,185,S4_twin_shock_cex_intervention,united_states,USDC
349,0.8280384866970375,21300071191.132072,185,S4_twin_shock_cex_intervention,united_states,USDC
350,0.8470696423447261,20767569411.35377,185,S4_twin_shock_cex_intervention,united_states,USDC
351,0.8776327229898999,20248380176.069927,185,S4_twin_shock_cex_intervention,united_states,USDC
352,0.8635828907883885,19742170671.66818,185,S4_twin_shock_cex_intervention,united_states,USDC
353,0.8628065225760873,19248616404.876472,185,S4_twin_shock_cex_intervention,united_states,USDC
354,0.8509754438488082,18767400994.754562,185,S4_twin_shock_cex_intervention,united_states,USDC
355,0.858805784107108,18298215969.885696,185,S4_twin_shock_cex_intervention,united_states,USDC
356,0.8559535684876605,17840760570.638557,185,S4_twin_shock_cex_intervention,united_states,USDC
357,0.8337452165644466,17394741556.37259,185,S4_twin_shock_cex_intervention,united_states,USDC
358,0.8192675767424586,16959873017.463276,185,S4_twin_shock_cex_intervention,united_states,USDC
359,0.7875618278587337,16535876192.026695,185,S4_twin_shock_cex_intervention,united_states,USDC
360,0.779939354271834,16122479287.226028,185,S4_twin_shock_cex_intervention,united_states,USDC
361,0.7976384930627819,15719417305.045376,185,S4_twin_shock_cex_intervention,united_states,USDC
362,0.7998409715246577,15326431872.41924,185,S4_twin_shock_cex_intervention,united_states,USDC
363,0.8187295988585119,14943271075.60876,185,S4_twin_shock_cex_intervention,united_states,USDC
364,0.8081198672111294,14569689298.71854,185,S4_twin_shock_cex_intervention,united_states,USDC
365,0.8219923263000958,14205447066.250576,185,S4_twin_shock_cex_intervention,united_states,USDC
366,0.8339622393710031,13850310889.59431,185,S4_twin_shock_cex_intervention,united_states,USDC
367,0.8155639834576811,13504053117.354454,185,S4_twin_shock_cex_intervention,united_states,USDC
368,0.8230528635232489,13166451789.420593,185,S4_twin_shock_cex_intervention,united_states,USDC
369,0.8115888024780915,12837290494.685078,185,S4_twin_shock_cex_intervention,united_states,USDC
370,0.7840591264724691,12516358232.317951,185,S4_twin_shock_cex_intervention,united_states,USDC
371,0.773977445159254,12203449276.510002,185,S4_twin_shock_cex_intervention,united_states,USDC
372,0.800925534938366,11898363044.597252,185,S4_twin_shock_cex_intervention,united_states,USDC
373,0.8017381685435465,11600903968.482319,185,S4_twin_shock_cex_intervention,united_states,USDC
374,0.7829189830697079,11310881369.270264,185,S4_twin_shock_cex_intervention,united_states,USDC
375,0.7745770934481341,11028109335.038506,185,S4_twin_shock_cex_intervention,united_states,USDC
376,0.7898931347925027,10752406601.662544,185,S4_twin_shock_cex_intervention,united_states,USDC
377,0.8128589558085636,10483596436.62098,185,S4_twin_shock_cex_intervention,united_states,USDC
378,0.8220914567198603,10221506525.705456,185,S4_twin_shock_cex_intervention,united_states,USDC
379,0.8264854376733237,9965968862.56282,185,S4_twin_shock_cex_intervention,united_states,USDC
380,0.8342119139152927,9716819640.998749,185,S4_twin_shock_cex_intervention,united_states,USDC
381,0.8395385393517192,9473899149.973782,185,S4_twin_shock_cex_intervention,united_states,USDC
382,0.8241314338926621,9237051671.224436,185,S4_twin_shock_cex_intervention,united_states,USDC
383,0.827100448954786,9006125379.443825,185,S4_twin_shock_cex_intervention,united_states,USDC
384,0.8367499966915977,8780972244.95773,185,S4_twin_shock_cex_intervention,united_states,USDC
385,0.8082207386826116,8561447938.833786,185,S4_twin_shock_cex_intervention,united_states,USDC
386,0.8217756911175834,8347411740.362942,185,S4_twin_shock_cex_intervention,united_states,USDC
387,0.814705411402443,8138726446.8538685,185,S4_twin_shock_cex_intervention,united_states,USDC
388,0.8179530739970226,7935258285.682521,185,S4_twin_shock_cex_intervention,united_states,USDC
389,0.8130547145683563,7736876828.540459,185,S4_twin_shock_cex_intervention,united_states,USDC
390,0.805002679282782,7543454907.826946,185,S4_twin_shock_cex_intervention,united_states,USDC
391,0.8048129990198901,7354868535.131273,185,S4_twin_shock_cex_intervention,united_states,USDC
392,0.7967188979755766,7170996821.752991,185,S4_twin_shock_cex_intervention,united_states,USDC
393,0.7882182620782409,6991721901.209167,185,S4_twin_shock_cex_intervention,united_states,USDC
394,0.7971528078559978,6816928853.678937,185,S4_twin_shock_cex_intervention,united_states,USDC
395,0.7610110696642278,6646505632.336964,185,S4_twin_shock_cex_intervention,united_states,USDC
396,0.7709805569465896,6480342991.52854,185,S4_twin_shock_cex_intervention,united_states,USDC
397,0.6978254162050589,6318334416.740327,185,S4_twin_shock_cex_intervention,united_states,USDC
398,0.6984734884056888,6160376056.321818,185,S4_twin_shock_cex_intervention,united_states,USDC
399,0.7206517531516757,6006366654.913773,185,S4_twin_shock_cex_intervention,united_states,USDC
400,0.7343450441312324,5856207488.540928,185,S4_twin_shock_cex_intervention,united_states,USDC
401,0.7464164374312495,5709802301.327406,185,S4_twin_shock_cex_intervention,united_states,USDC
402,0.7468113562618461,5567057243.79422,185,S4_twin_shock_cex_intervention,united_states,USDC
403,0.7565874917937002,5427880812.699365,185,S4_twin_shock_cex_intervention,united_states,USDC
404,0.760270480245276,5292183792.381881,185,S4_twin_shock_cex_intervention,united_states,USDC
405,0.7348922106891183,5159879197.572334,185,S4_twin_shock_cex_intervention,united_states,USDC
406,0.7461238579232963,5030882217.633025,185,S4_twin_shock_cex_intervention,united_states,USDC
407,0.783086211829396,4905110162.1922,185,S4_twin_shock_cex_intervention,united_states,USDC
408,0.7714826405635186,4782482408.137394,185,S4_twin_shock_cex_intervention,united_states,USDC
409,0.7723787234488294,4662920347.93396,185,S4_twin_shock_cex_intervention,united_states,USDC
410,0.7966522254450864,4546347339.235611,185,S4_twin_shock_cex_intervention,united_states,USDC
411,0.7947122386688988,4432688655.754721,185,S4_twin_shock_cex_intervention,united_states,USDC
412,0.7922579552872887,4321871439.360852,185,S4_twin_shock_cex_intervention,united_states,USDC
413,0.793129225173592,4213824653.3768306,185,S4_twin_shock_cex_intervention,united_states,USDC
414,0.783787210929569,4108479037.04241,185,S4_twin_shock_cex_intervention,united_states,USDC
415,0.740070174826752,4005767061.1163497,185,S4_twin_shock_cex_intervention,united_states,USDC
416,0.7481367709593548,3905622884.588441,185,S4_twin_shock_cex_intervention,united_states,USDC
417,0.7555487378698584,3807982312.47373,185,S4_twin_shock_cex_intervention,united_states,USDC
418,0.7474456791855707,3712782754.661886,185,S4_twin_shock_cex_intervention,united_states,USDC
419,0.7470492144236319,3619963185.7953396,185,S4_twin_shock_cex_intervention,united_states,USDC
420,0.6697741261930643,3529464106.1504555,185,S4_twin_shock_cex_intervention,united_states,USDC
421,0.6747793702097958,3441227503.4966946,185,S4_twin_shock_cex_intervention,united_states,USDC
422,0.682985700532132,3355196815.909277,185,S4_twin_shock_cex_intervention,united_states,USDC
423,0.6756570102958842,3271316895.511545,185,S4_twin_shock_cex_intervention,united_states,USDC
424,0.681237015691758,3189533973.123756,185,S4_twin_shock_cex_intervention,united_states,USDC
425,0.7223143998656075,3109795623.795662,185,S4_twin_shock_cex_intervention,united_states,USDC
426,0.7333950893461911,3032050733.2007704,185,S4_twin_shock_cex_intervention,united_states,USDC
427,0.7322406972032012,2956249464.8707514,185,S4_twin_shock_cex_intervention,united_states,USDC
428,0.7461354793245093,2882343228.2489824,185,S4_twin_shock_cex_intervention,united_states,USDC
429,0.7372568878580686,2810284647.542758,185,S4_twin_shock_cex_intervention,united_states,USDC
430,0.7557816875586401,2740027531.354189,185,S4_twin_shock_cex_intervention,united_states,USDC
431,0.7487505443525692,2671526843.0703344,185,S4_twin_shock_cex_intervention,united_states,USDC
432,0.7310247973975119,2604738671.993576,185,S4_twin_shock_cex_intervention,united_states,USDC
433,0.7140194668996959,2539620205.1937366,185,S4_twin_shock_cex_intervention,united_states,USDC
434,0.7195167045450476,2476129700.063893,185,S4_twin_shock_cex_intervention,united_states,USDC
435,0.7179643332216922,2414226457.562296,185,S4_twin_shock_cex_intervention,united_states,USDC
436,0.7405238520723483,2353870796.1232386,185,S4_twin_shock_cex_intervention,united_states,USDC
437,0.715238298788599,2295024026.220157,185,S4_twin_shock_cex_intervention,united_states,USDC
438,0.7321762812686878,2237648425.5646534,185,S4_twin_shock_cex_intervention,united_states,USDC
439,0.7326110770491426,2181707214.925537,185,S4_twin_shock_cex_intervention,united_states,USDC
440,0.7288868719439995,2127164534.5523987,185,S4_twin_shock_cex_intervention,united_states,USDC
441,0.7332982785773698,2073985421.1885889,185,S4_twin_shock_cex_intervention,united_states,USDC
442,0.7503432991708384,2022135785.658874,185,S4_twin_shock_cex_intervention,united_states,USDC
443,0.7616172402408588,1971582391.0174022,185,S4_twin_shock_cex_intervention,united_states,USDC
444,0.7650497669434309,1922292831.2419672,185,S4_twin_shock_cex_intervention,united_states,USDC
445,0.7762143000223128,1874235510.4609177,185,S4_twin_shock_cex_intervention,united_states,USDC
446,0.7658151326632233,1827379622.6993952,185,S4_twin_shock_cex_intervention,united_states,USDC
447,0.7804297105570135,1781695132.13191,185,S4_twin_shock_cex_intervention,united_states,USDC
448,0.7943599520173484,1737152753.8286123,185,S4_twin_shock_cex_intervention,united_states,USDC
449,0.8165117879836583,1693723934.9828973,185,S4_twin_shock_cex_intervention,united_states,USDC
450,0.7916411142860426,1651380836.608325,185,S4_twin_shock_cex_intervention,united_states,USDC
451,0.7849641249954172,1610096315.693117,185,S4_twin_shock_cex_intervention,united_states,USDC
452,0.7680025005482853,1569843907.8007889,185,S4_twin_shock_cex_intervention,united_states,USDC
453,0.7521788542956749,1530597810.1057692,185,S4_twin_shock_cex_intervention,united_states,USDC
454,0.7390673389621436,1492332864.853125,185,S4_twin_shock_cex_intervention,united_states,USDC
455,0.7469794398515368,1455024543.2317967,185,S4_twin_shock_cex_intervention,united_states,USDC
456,0.7466767033880518,1418648929.651002,185,S4_twin_shock_cex_intervention,united_states,USDC
457,0.7337471454134786,1383182706.4097269,185,S4_twin_shock_cex_intervention,united_states,USDC
458,0.7338739556244482,1348603138.7494836,185,S4_twin_shock_cex_intervention,united_states,USDC
459,0.7376765024836359,1314888060.2807465,185,S4_twin_shock_cex_intervention,united_states,USDC
460,0.7548853662555628,1282015858.773728,185,S4_twin_shock_cex_intervention,united_states,USDC
461,0.789841180322481,1249965462.3043847,185,S4_twin_shock_cex_intervention,united_states,USDC
462,0.7949440072900718,1218716325.7467752,185,S4_twin_shock_cex_intervention,united_states,USDC
463,0.800955478130285,1188248417.6031058,185,S4_twin_shock_cex_intervention,united_states,USDC
464,0.7920184606674174,1158542207.1630282,185,S4_twin_shock_cex_intervention,united_states,USDC
465,0.7787345230978189,1129578651.9839523,185,S4_twin_shock_cex_intervention,united_states,USDC
466,0.7861680129182202,1101339185.6843536,185,S4_twin_shock_cex_intervention,united_states,USDC
467,0.7924158169750083,1073805706.0422447,185,S4_twin_shock_cex_intervention,united_states,USDC
468,0.8074358789924991,1046960563.3911886,185,S4_twin_shock_cex_intervention,united_states,USDC
469,0.8054517298068504,1020786549.3064089,185,S4_twin_shock_cex_intervention,united_states,USDC
470,0.8086314613314309,995266885.5737486,185,S4_twin_shock_cex_intervention,united_states,USDC
471,0.8218749580795605,970385213.4344051,185,S4_twin_shock_cex_intervention,united_states,USDC
472,0.805064628455499,946125583.0985448,185,S4_twin_shock_cex_intervention,united_states,USDC
473,0.7982888041915375,922472443.5210812,185,S4_twin_shock_cex_intervention,united_states,USDC
474,0.7927018197353564,899410632.4330542,185,S4_twin_shock_cex_intervention,united_states,USDC
475,0.8220535969742732,876925366.6222279,185,S4_twin_shock_cex_intervention,united_states,USDC
476,0.8258460634849477,855002232.4566722,185,S4_twin_shock_cex_intervention,united_states,USDC
477,0.8235462668380523,833627176.6452553,185,S4_twin_shock_cex_intervention,united_states,USDC
478,0.8107626291436372,812786497.229124,185,S4_twin_shock_cex_intervention,united_states,USDC
479,0.7945287775011945,792466834.7983959,185,S4_twin_shock_cex_intervention,united_states,USDC
480,0.7808786546160132,772655163.9284359,185,S4_twin_shock_cex_intervention,united_states,USDC
481,0.7781046944498251,753338784.8302251,185,S4_twin_shock_cex_intervention,united_states,USDC
482,0.785507770143708,734505315.2094694,185,S4_twin_shock_cex_intervention,united_states,USDC
483,0.7763570671950324,716142682.3292327,185,S4_twin_shock_cex_intervention,united_states,USDC
484,0.7547820058755472,698239115.2710019,185,S4_twin_shock_cex_intervention,united_states,USDC
485,0.7334200207115436,680783137.3892269,185,S4_twin_shock_cex_intervention,united_states,USDC
486,0.7611061611121419,663763558.9544961,185,S4_twin_shock_cex_intervention,united_states,USDC
487,0.7773656551783535,647169469.9806339,185,S4_twin_shock_cex_intervention,united_states,USDC
488,0.7985149399662588,630990233.231118,185,S4_twin_shock_cex_intervention,united_states,USDC
489,0.7738329274953596,615215477.40034,185,S4_twin_shock_cex_intervention,united_states,USDC
490,0.755024233261627,599835090.4653314,185,S4_twin_shock_cex_intervention,united_states,USDC
491,0.7543244226108329,584839213.2036982,185,S4_twin_shock_cex_intervention,united_states,USDC
492,0.7536949163863053,570218232.8736057,185,S4_twin_shock_cex_intervention,united_states,USDC
493,0.7497383955191647,555962777.0517656,185,S4_twin_shock_cex_intervention,united_states,USDC
494,0.7594816516098352,542063707.6254715,185,S4_twin_shock_cex_intervention,united_states,USDC
495,0.7822977772152951,528512114.93483466,185,S4_twin_shock_cex_intervention,united_states,USDC
496,0.7928212776940202,515299312.06146383,185,S4_twin_shock_cex_intervention,united_states,USDC
497,0.7857289967463409,502416829.2599273,185,S4_twin_shock_cex_intervention,united_states,USDC
498,0.7958988687139414,489856408.52842903,185,S4_twin_shock_cex_intervention,united_states,USDC
499,0.8012466258454556,477609998.3152183,185,S4_twin_shock_cex_intervention,united_states,USDC
500,0.79342325224841,465669748.35733783,185,S4_twin_shock_cex_intervention,united_states,USDC
501,0.7723275629238578,454028004.64840436,185,S4_twin_shock_cex_intervention,united_states,USDC
502,0.7753139000780216,442677304.5321943,185,S4_twin_shock_cex_intervention,united_states,USDC
503,0.7828112886896743,431610371.9188894,185,S4_twin_shock_cex_intervention,united_states,USDC
504,0.7899975749942096,420820112.6209172,185,S4_twin_shock_cex_intervention,united_states,USDC
505,0.7726501655040466,410299609.80539423,185,S4_twin_shock_cex_intervention,united_states,USDC
506,0.7853805082560427,400042119.56025934,185,S4_twin_shock_cex_intervention,united_states,USDC
507,0.7776237672033063,390041066.5712529,185,S4_twin_shock_cex_intervention,united_states,USDC
508,0.7597667169277853,380290039.9069716,185,S4_twin_shock_cex_intervention,united_states,USDC
509,0.7473263110083009,370782788.9092973,185,S4_twin_shock_cex_intervention,united_states,USDC
510,0.746961703654146,361513219.18656486,185,S4_twin_shock_cex_intervention,united_states,USDC
511,0.7439227933630834,352475388.7069007,185,S4_twin_shock_cex_intervention,united_states,USDC
512,0.7341380671130783,343663503.98922825,185,S4_twin_shock_cex_intervention,united_states,USDC
513,0.7476773551319749,335071916.3894975,185,S4_twin_shock_cex_intervention,united_states,USDC
514,0.7706758708493949,326695118.47976005,185,S4_twin_shock_cex_intervention,united_states,USDC
515,0.781112710618113,318527740.51776606,185,S4_twin_shock_cex_intervention,united_states,USDC
516,0.743161016853465,310564547.0048219,185,S4_twin_shock_cex_intervention,united_states,USDC
517,0.7933274277126349,302800433.3297013,185,S4_twin_shock_cex_intervention,united_states,USDC
518,0.7903738932755413,295230422.4964588,185,S4_twin_shock_cex_intervention,united_states,USDC
519,0.8054955215828707,287849661.93404734,185,S4_twin_shock_cex_intervention,united_states,USDC
520,0.7859990859853778,280653420.3856962,185,S4_twin_shock_cex_intervention,united_states,USDC
521,0.7750553313823585,273637084.87605375,185,S4_twin_shock_cex_intervention,united_states,USDC
522,0.7820478652770916,266796157.75415242,185,S4_twin_shock_cex_intervention,united_states,USDC
523,0.7610464852463604,260126253.81029862,185,S4_twin_shock_cex_intervention,united_states,USDC
524,0.7830274744300652,253623097.46504116,185,S4_twin_shock_cex_intervention,united_states,USDC
525,0.7775258831849003,247282520.02841514,185,S4_twin_shock_cex_intervention,united_states,USDC
526,0.7849368675959556,241100457.02770478,185,S4_twin_shock_cex_intervention,united_states,USDC
527,0.8108146104845089,235072945.60201216,185,S4_twin_shock_cex_intervention,united_states,USDC
528,0.8367989153263712,229196121.9619618,185,S4_twin_shock_cex_intervention,united_states,USDC
529,0.8309623831401016,223466218.9129128,185,S4_twin_shock_cex_intervention,united_states,USDC
530,0.8269179244390189,217879563.44008994,185,S4_twin_shock_cex_intervention,united_states,USDC
531,0.8192200746724205,212432574.3540877,185,S4_twin_shock_cex_intervention,united_states,USDC
532,0.8230633935541674,207121759.9952355,185,S4_twin_shock_cex_intervention,united_states,USDC
533,0.798377230443065,201943715.9953546,185,S4_twin_shock_cex_intervention,united_states,USDC
534,0.801309527518447,196895123.09547076,185,S4_twin_shock_cex_intervention,united_states,USDC
535,0.818346091426744,191972745.018084,185,S4_twin_shock_cex_intervention,united_states,USDC
536,0.8009317516464718,187173426.39263186,185,S4_twin_shock_cex_intervention,united_states,USDC
537,0.8016273058178183,182494090.73281607,185,S4_twin_shock_cex_intervention,united_states,USDC
538,0.8032800912962346,177931738.46449566,185,S4_twin_shock_cex_intervention,united_states,USDC
539,0.7832512876871265,173483445.0028833,185,S4_twin_shock_cex_intervention,united_states,USDC
540,0.7977089797402651,169146358.8778112,185,S4_twin_shock_cex_intervention,united_states,USDC
541,0.7996808610168002,164917699.90586594,185,S4_twin_shock_cex_intervention,united_states,USDC
542,0.7958144931278699,160794757.40821928,185,S4_twin_shock_cex_intervention,united_states,USDC
543,0.790761497084488,156774888.4730138,185,S4_twin_shock_cex_intervention,united_states,USDC
544,0.8003887483673698,152855516.26118845,185,S4_twin_shock_cex_intervention,united_states,USDC
545,0.8074774303171346,149034128.35465872,185,S4_twin_shock_cex_intervention,united_states,USDC
546,0.8022842372731269,145308275.14579225,185,S4_twin_shock_cex_intervention,united_states,USDC
547,0.7671797384591454,141675568.26714745,185,S4_twin_shock_cex_intervention,united_states,USDC
548,0.7473444333252292,138133679.06046876,185,S4_twin_shock_cex_intervention,united_states,USDC
549,0.7565899580723952,134680337.08395705,185,S4_twin_shock_cex_intervention,united_states,USDC
550,0.7622039558832155,131313328.65685812,185,S4_twin_shock_cex_intervention,united_states,USDC
551,0.7636222828174016,128030495.44043666,185,S4_twin_shock_cex_intervention,united_states,USDC
552,0.757721126503004,124829733.05442575,185,S4_twin_shock_cex_intervention,united_states,USDC
553,0.7675154480279139,121708989.7280651,185,S4_twin_shock_cex_intervention,united_states,USDC
554,0.7632809679327355,118666264.98486347,185,S4_twin_shock_cex_intervention,united_states,USDC
555,0.7602734442392282,115699608.36024189,185,S4_twin_shock_cex_intervention,united_states,USDC
556,0.7597176079943022,112807118.15123585,185,S4_twin_shock_cex_intervention,united_states,USDC
557,0.7726376362794247,109986940.19745496,185,S4_twin_shock_cex_intervention,united_states,USDC
558,0.8067357059495818,107237266.69251858,185,S4_twin_shock_cex_intervention,united_states,USDC
559,0.7997738945876004,104556335.02520563,185,S4_twin_shock_cex_intervention,united_states,USDC
560,0.8376949582566879,101942426.64957547,185,S4_twin_shock_cex_intervention,united_states,USDC
561,0.8293424582257517,99393865.98333609,185,S4_twin_shock_cex_intervention,united_states,USDC
562,0.8524902123333367,96909019.33375269,185,S4_twin_shock_cex_intervention,united_states,USDC
563,0.8610501772516066,94486293.85040888,185,S4_twin_shock_cex_intervention,united_states,USDC
564,0.8404904309483048,92124136.50414866,185,S4_twin_shock_cex_intervention,united_states,USDC
565,0.8276644140977805,89821033.09154494,185,S4_twin_shock_cex_intervention,united_states,USDC
566,0.8128140327184024,87575507.26425633,185,S4_twin_shock_cex_intervention,united_states,USDC
567,0.8361047553410496,85386119.58264992,185,S4_twin_shock_cex_intervention,united_states,USDC
568,0.8610697475695746,83251466.59308366,185,S4_twin_shock_cex_intervention,united_states,USDC
569,0.8820364789930157,81170179.92825657,185,S4_twin_shock_cex_intervention,united_states,USDC
570,0.8452036773160228,79140925.43005016,185,S4_twin_shock_cex_intervention,united_states,USDC
571,0.856255599253363,77162402.29429892,185,S4_twin_shock_cex_intervention,united_states,USDC
572,0.8180250847289464,75233342.23694144,185,S4_twin_shock_cex_intervention,united_states,USDC
573,0.8438375527437894,73352508.6810179,185,S4_twin_shock_cex_intervention,united_states,USDC
574,0.7904022868330766,71518695.96399245,185,S4_twin_shock_cex_intervention,united_states,USDC
575,0.806479245096199,69730728.56489265,185,S4_twin_shock_cex_intervention,united_states,USDC
576,0.8283939473878803,67987460.35077032,185,S4_twin_shock_cex_intervention,united_states,USDC
577,0.8350612705338631,66287773.84200108,185,S4_twin_shock_cex_intervention,united_states,USDC
578,0.8455964310185407,64630579.49595104,185,S4_twin_shock_cex_intervention,united_states,USDC
579,0.8597332336466592,63014815.00855227,185,S4_twin_shock_cex_intervention,united_states,USDC
580,0.8747541926676264,61439444.63333847,185,S4_twin_shock_cex_intervention,united_states,USDC
581,0.8458241003584176,59903458.517505005,185,S4_twin_shock_cex_intervention,united_states,USDC
582,0.821791385514397,58405872.05456738,185,S4_twin_shock_cex_intervention,united_states,USDC
583,0.8414019415082997,56945725.2532032,185,S4_twin_shock_cex_intervention,united_states,USDC
584,0.8111890138595443,55522082.121873125,185,S4_twin_shock_cex_intervention,united_states,USDC
585,0.8171789579032316,54134030.06882629,185,S4_twin_shock_cex_intervention,united_states,USDC
586,0.8332734247497651,52780679.31710563,185,S4_twin_shock_cex_intervention,united_states,USDC
587,0.8350867563965845,51461162.33417799,185,S4_twin_shock_cex_intervention,united_states,USDC
588,0.8032532041637398,50174633.27582355,185,S4_twin_shock_cex_intervention,united_states,USDC
589,0.8163726032939153,48920267.44392796,185,S4_twin_shock_cex_intervention,united_states,USDC
590,0.7968593818618568,47697260.757829756,185,S4_twin_shock_cex_intervention,united_states,USDC
591,0.7647987447220149,46504829.23888402,185,S4_twin_shock_cex_intervention,united_states,USDC
592,0.7491842933853351,45342208.50791191,185,S4_twin_shock_cex_intervention,united_states,USDC
593,0.7605593893786756,44208653.29521412,185,S4_twin_shock_cex_intervention,united_states,USDC
594,0.7754583590195184,43103436.96283376,185,S4_twin_shock_cex_intervention,united_states,USDC
595,0.7786665675577605,42025851.03876292,185,S4_twin_shock_cex_intervention,united_states,USDC
596,0.7838245020136031,40975204.76279384,185,S4_twin_shock_cex_intervention,united_states,USDC
597,0.6690963220655528,39950824.643723994,185,S4_twin_shock_cex_intervention,united_states,USDC
598,0.6902428597327851,38952054.027630895,185,S4_twin_shock_cex_intervention,united_states,USDC
599,0.7227799222761063,37978252.67694012,185,S4_twin_shock_cex_intervention,united_states,USDC
600,0.7436284289226806,37028796.36001662,185,S4_twin_shock_cex_intervention,united_states,USDC
601,0.748386432463926,36103076.4510162,185,S4_twin_shock_cex_intervention,united_states,USDC
602,0.7620485044237404,35200499.53974079,185,S4_twin_shock_cex_intervention,united_states,USDC
603,0.7759136932048843,34320487.051247284,185,S4_twin_shock_cex_intervention,united_states,USDC
604,0.7748700872486715,33462474.874966096,185,S4_twin_shock_cex_intervention,united_states,USDC
605,0.7575618339582978,32625913.003091946,185,S4_twin_shock_cex_intervention,united_states,USDC
606,0.7710452817878429,31810265.178014643,185,S4_twin_shock_cex_intervention,united_states,USDC
607,0.772754002313115,31015008.548564278,185,S4_twin_shock_cex_intervention,united_states,USDC
608,0.6810104122237579,30239633.33485017,185,S4_twin_shock_cex_intervention,united_states,USDC
609,0.7013968729576807,29483642.501478918,185,S4_twin_shock_cex_intervention,united_states,USDC
610,0.7153726439022545,28746551.438941944,185,S4_twin_shock_cex_intervention,united_states,USDC
611,0.7136849479967216,28027887.652968396,185,S4_twin_shock_cex_intervention,united_states,USDC
612,0.7442391479967075,27327190.461644188,185,S4_twin_shock_cex_intervention,united_states,USDC
613,0.7512070119180171,26644010.70010308,185,S4_twin_shock_cex_intervention,united_states,USDC
614,0.7480850600850366,25977910.432600506,185,S4_twin_shock_cex_intervention,united_states,USDC
615,0.7442851016224011,25328462.671785492,185,S4_twin_shock_cex_intervention,united_states,USDC
616,0.7591034801491943,24695251.104990855,185,S4_twin_shock_cex_intervention,united_states,USDC
617,0.7440145882287474,24077869.827366084,185,S4_twin_shock_cex_intervention,united_states,USDC
618,0.7368197032805391,23475923.08168193,185,S4_twin_shock_cex_intervention,united_states,USDC
619,0.7290668349931552,22889025.004639883,185,S4_twin_shock_cex_intervention,united_states,USDC
620,0.7415435000014973,22316799.379523885,185,S4_twin_shock_cex_intervention,united_states,USDC
621,0.7376618785608834,21758879.39503579,185,S4_twin_shock_cex_intervention,united_states,USDC
622,0.7364038745255173,21214907.410159893,185,S4_twin_shock_cex_intervention,united_states,USDC
623,0.7436996964545952,20684534.724905897,185,S4_twin_shock_cex_intervention,united_states,USDC
624,0.753724678808691,20167421.35678325,185,S4_twin_shock_cex_intervention,united_states,USDC
625,0.748983047111533,19663235.82286367,185,S4_twin_shock_cex_intervention,united_states,USDC
626,0.7550719380784473,19171654.92729208,185,S4_twin_shock_cex_intervention,united_states,USDC
627,0.7747535986547693,18692363.554109775,185,S4_twin_shock_cex_intervention,united_states,USDC
628,0.7773653057182419,18225054.46525703,185,S4_twin_shock_cex_intervention,united_states,USDC
629,0.775607392030787,17769428.103625603,185,S4_twin_shock_cex_intervention,united_states,USDC
630,0.7581713436501134,17325192.401034966,185,S4_twin_shock_cex_intervention,united_states,USDC
631,0.7531402032104734,16892062.59100909,185,S4_twin_shock_cex_intervention,united_states,USDC
632,0.7861658599304486,16469761.026233863,185,S4_twin_shock_cex_intervention,united_states,USDC
633,0.7763923759273699,16058017.000578016,185,S4_twin_shock_cex_intervention,united_states,USDC
634,0.7866577645805002,15656566.575563567,185,S4_twin_shock_cex_intervention,united_states,USDC
635,0.776634327499254,15265152.411174476,185,S4_twin_shock_cex_intervention,united_states,USDC
636,0.7856633284603926,14883523.600895114,185,S4_twin_shock_cex_intervention,united_states,USDC
637,0.7961230927260029,14511435.510872738,185,S4_twin_shock_cex_intervention,united_states,USDC
638,0.802219553702376,14148649.62310092,185,S4_twin_shock_cex_intervention,united_states,USDC
639,0.7897990337605338,13794933.382523395,185,S4_twin_shock_cex_intervention,united_states,USDC
640,0.7668723700580172,13450060.047960311,185,S4_twin_shock_cex_intervention,united_states,USDC
641,0.7565364529895473,13113808.546761304,185,S4_twin_shock_cex_intervention,united_states,USDC
642,0.764731946086274,12785963.33309227,185,S4_twin_shock_cex_intervention,united_states,USDC
643,0.7807097373381909,12466314.249764964,185,S4_twin_shock_cex_intervention,united_states,USDC
644,0.7817696528839463,12154656.39352084,185,S4_twin_shock_cex_intervention,united_states,USDC
645,0.8169918423029581,11850789.983682819,185,S4_twin_shock_cex_intervention,united_states,USDC
646,0.8202585385970809,11554520.23409075,185,S4_twin_shock_cex_intervention,united_states,USDC
647,0.8188333344731148,11265657.22823848,185,S4_twin_shock_cex_intervention,united_states,USDC
648,0.8454596954892731,10984015.79753252,185,S4_twin_shock_cex_intervention,united_states,USDC
649,0.8490189866888805,10709415.402594205,185,S4_twin_shock_cex_intervention,united_states,USDC
650,0.8413533940798091,10441680.01752935,185,S4_twin_shock_cex_intervention,united_states,USDC
651,0.8565788988981077,10180638.017091116,185,S4_twin_shock_cex_intervention,united_states,USDC
652,0.8480580904858023,9926122.066663839,185,S4_twin_shock_cex_intervention,united_states,USDC
653,0.8162467856012563,9677969.014997242,185,S4_twin_shock_cex_intervention,united_states,USDC
654,0.8473097959359461,9436019.789622312,185,S4_twin_shock_cex_intervention,united_states,USDC
655,0.8297392176088112,9200119.294881754,185,S4_twin_shock_cex_intervention,united_states,USDC
656,0.819503409132956,8970116.312509712,185,S4_twin_shock_cex_intervention,united_states,USDC
657,0.8077985213450559,8745863.404696967,185,S4_twin_shock_cex_intervention,united_states,USDC
658,0.8086697338344443,8527216.819579544,185,S4_twin_shock_cex_intervention,united_states,USDC
659,0.7979718832089917,8314036.399090055,185,S4_twin_shock_cex_intervention,united_states,USDC
660,0.817796076913308,8106185.489112804,185,S4_twin_shock_cex_intervention,united_states,USDC
661,0.8121908047706863,7903530.851884984,185,S4_twin_shock_cex_intervention,united_states,USDC
662,0.8118083811528202,7705942.580587858,185,S4_twin_shock_cex_intervention,united_states,USDC
663,0.7886491469968236,7513294.016073163,185,S4_twin_shock_cex_intervention,united_states,USDC
664,0.787821912820963,7325461.665671334,185,S4_twin_shock_cex_intervention,united_states,USDC
665,0.7819633936151649,7142325.124029551,185,S4_twin_shock_cex_intervention,united_states,USDC
666,0.7822101634380878,6963766.995928811,185,S4_twin_shock_cex_intervention,united_states,USDC
667,0.7999415206174534,6789672.821030591,185,S4_twin_shock_cex_intervention,united_states,USDC
668,0.793778368697438,6619931.000504826,185,S4_twin_shock_cex_intervention,united_states,USDC
669,0.7904475239010111,6454432.7254922055,185,S4_twin_shock_cex_intervention,united_states,USDC
670,0.7764728749238623,6293071.907354901,185,S4_twin_shock_cex_intervention,united_states,USDC
671,0.764210964546982,6135745.109671028,185,S4_twin_shock_cex_intervention,united_states,USDC
672,0.7509400958187759,5982351.481929252,185,S4_twin_shock_cex_intervention,united_states,USDC
673,0.7448537522437678,5832792.694881021,185,S4_twin_shock_cex_intervention,united_states,USDC
674,0.7578662242980052,5686972.877508996,185,S4_twin_shock_cex_intervention,united_states,USDC
675,0.742447565749944,5544798.555571271,185,S4_twin_shock_cex_intervention,united_states,USDC
676,0.7486737135127801,5406178.591681989,185,S4_twin_shock_cex_intervention,united_states,USDC
677,0.7552770177694704,5271024.126889939,185,S4_twin_shock_cex_intervention,united_states,USDC
678,0.7583694582083669,5139248.52371769,185,S4_twin_shock_cex_intervention,united_states,USDC
679,0.7505326502851893,5010767.3106247485,185,S4_twin_shock_cex_intervention,united_states,USDC
680,0.7483350891792437,4885498.1278591305,185,S4_twin_shock_cex_intervention,united_states,USDC
681,0.760906045805997,4763360.6746626515,185,S4_twin_shock_cex_intervention,united_states,USDC
682,0.761070172503389,4644276.657796085,185,S4_twin_shock_cex_intervention,united_states,USDC
683,0.7786801749232387,4528169.7413511835,185,S4_twin_shock_cex_intervention,united_states,USDC
684,0.7480242201478297,4414965.497817404,185,S4_twin_shock_cex_intervention,united_states,USDC
685,0.7655076313047848,4304591.360371969,185,S4_twin_shock_cex_intervention,united_states,USDC
686,0.7630846288090938,4196976.5763626695,185,S4_twin_shock_cex_intervention,united_states,USDC
687,0.7854698211506731,4092052.161953603,185,S4_twin_shock_cex_intervention,united_states,USDC
688,0.7655947360959457,3989750.857904763,185,S4_twin_shock_cex_intervention,united_states,USDC
689,0.7776512780959105,3890007.0864571435,185,S4_twin_shock_cex_intervention,united_states,USDC
690,0.793743097018769,3792756.9092957154,185,S4_twin_shock_cex_intervention,united_states,USDC
691,0.79950607324362,3697937.986563322,185,S4_twin_shock_cex_intervention,united_states,USDC
692,0.7966227161179744,3605489.5368992393,185,S4_twin_shock_cex_intervention,united_states,USDC
693,0.7867996148308891,3515352.2984767584,185,S4_twin_shock_cex_intervention,united_states,USDC
694,0.807623092880155,3427468.49101484,185,S4_twin_shock_cex_intervention,united_states,USDC
695,0.8018818736674411,3341781.778739468,185,S4_twin_shock_cex_intervention,united_states,USDC
696,0.7879294764726897,3258237.234270982,185,S4_twin_shock_cex_intervention,united_states,USDC
697,0.7952996596443894,3176781.303414208,185,S4_twin_shock_cex_intervention,united_states,USDC
698,0.8147674190297588,3097361.7708288524,185,S4_twin_shock_cex_intervention,united_states,USDC
699,0.8103773026358492,3019927.726558131,185,S4_twin_shock_cex_intervention,united_states,USDC
700,0.8016759843097009,2944429.5333941774,185,S4_twin_shock_cex_intervention,united_states,USDC
701,0.7961607618970413,2870818.7950593233,185,S4_twin_shock_cex_intervention,united_states,USDC
702,0.7918409509610518,2799048.32518284,185,S4_twin_shock_cex_intervention,united_states,USDC
703,0.7368348462756819,2729072.1170532694,185,S4_twin_shock_cex_intervention,united_states,USDC
704,0.7566768036513587,2660845.3141269377,185,S4_twin_shock_cex_intervention,united_states,USDC
705,0.7377074339250124,2594324.181273764,185,S4_twin_shock_cex_intervention,united_states,USDC
706,0.7467895905165559,2529466.07674192,185,S4_twin_shock_cex_intervention,united_states,USDC
707,0.7606286201821358,2466229.4248233717,185,S4_twin_shock_cex_intervention,united_states,USDC
708,0.7723348847949085,2404573.6892027874,185,S4_twin_shock_cex_intervention,united_states,USDC
709,0.7795715593084548,2344459.346972718,185,S4_twin_shock_cex_intervention,united_states,USDC
710,0.7698724044732758,2285847.8632984,185,S4_twin_shock_cex_intervention,united_states,USDC
711,0.7729654143069893,2228701.6667159395,185,S4_twin_shock_cex_intervention,united_states,USDC
712,0.7825912102408175,2172984.1250480413,185,S4_twin_shock_cex_intervention,united_states,USDC
713,0.7827455860633374,2118659.52192184,185,S4_twin_shock_cex_intervention,united_states,USDC
714,0.7607786186547835,2065693.0338737941,185,S4_twin_shock_cex_intervention,united_states,USDC
715,0.7440869086606398,2014050.7080269493,185,S4_twin_shock_cex_intervention,united_states,USDC
716,0.7394038542961849,1963699.4403262758,185,S4_twin_shock_cex_intervention,united_states,USDC
717,0.7474673105070824,1914606.9543181187,185,S4_twin_shock_cex_intervention,united_states,USDC
718,0.7625572795813848,1866741.7804601656,185,S4_twin_shock_cex_intervention,united_states,USDC
719,0.7611740881251448,1820073.2359486613,185,S4_twin_shock_cex_intervention,united_states,USDC
720,0.7743578342850981,1774571.4050499448,185,S4_twin_shock_cex_intervention,united_states,USDC
721,0.7802313802379476,1730207.1199236962,185,S4_twin_shock_cex_intervention,united_states,USDC
722,0.7974998862287636,1686951.941925604,185,S4_twin_shock_cex_intervention,united_states,USDC
723,0.7871435235395616,1644778.1433774638,185,S4_twin_shock_cex_intervention,united_states,USDC
724,0.8020973364277443,1603658.6897930275,185,S4_twin_shock_cex_intervention,united_states,USDC
725,0.7960431929562872,1563567.2225482017,185,S4_twin_shock_cex_intervention,united_states,USDC
726,0.820955459174841,1524478.0419844966,185,S4_twin_shock_cex_intervention,united_states,USDC
727,0.8335684539475057,1486366.0909348843,185,S4_twin_shock_cex_intervention,united_states,USDC
728,0.808082776522177,1449206.938661512,185,S4_twin_shock_cex_intervention,united_states,USDC
729,0.838342220666835,1412976.7651949744,185,S4_twin_shock_cex_intervention,united_states,USDC
730,0.8355308241987637,1377652.3460650998,185,S4_twin_shock_cex_intervention,united_states,USDC
731,0.8661245748410648,1343211.0374134723,185,S4_twin_shock_cex_intervention,united_states,USDC
732,0.8379403782666247,1309630.7614781356,185,S4_twin_shock_cex_intervention,united_states,USDC
733,0.8288843824004261,1276889.992441182,185,S4_twin_shock_cex_intervention,united_states,USDC
734,0.8027823474928063,1244967.7426301525,185,S4_twin_shock_cex_intervention,united_states,USDC
735,0.7895781822827613,1213843.5490643987,185,S4_twin_shock_cex_intervention,united_states,USDC
736,0.7766850358052769,1183497.4603377888,185,S4_twin_shock_cex_intervention,united_states,USDC
737,0.7850763154906479,1153910.0238293442,185,S4_twin_shock_cex_intervention,united_states,USDC
738,0.800124752924946,1125062.2732336107,185,S4_twin_shock_cex_intervention,united_states,USDC
739,0.8081672028288694,1096935.7164027703,185,S4_twin_shock_cex_intervention,united_states,USDC
740,0.8078987848508227,1069512.323492701,185,S4_twin_shock_cex_intervention,united_states,USDC
741,0.7814267091008495,1042774.5154053835,185,S4_twin_shock_cex_intervention,united_states,USDC
742,0.7742191516389124,1016705.1525202489,185,S4_twin_shock_cex_intervention,united_states,USDC
743,0.7544623702964602,991287.5237072427,185,S4_twin_shock_cex_intervention,united_states,USDC
744,0.7923345105960662,966505.3356145617,185,S4_twin_shock_cex_intervention,united_states,USDC
745,0.7931498310400256,942342.7022241976,185,S4_twin_shock_cex_intervention,united_states,USDC
746,0.780529061140415,918784.1346685926,185,S4_twin_shock_cex_intervention,united_states,USDC
747,0.7848973556996194,895814.5313018778,185,S4_twin_shock_cex_intervention,united_states,USDC
748,0.7965543611577041,873419.1680193308,185,S4_twin_shock_cex_intervention,united_states,USDC
749,0.7799289248496483,851583.6888188475,185,S4_twin_shock_cex_intervention,united_states,USDC
750,0.7647367273246045,830294.0965983765,185,S4_twin_shock_cex_intervention,united_states,USDC
751,0.7550413780112538,809536.744183417,185,S4_twin_shock_cex_intervention,united_states,USDC
752,0.7493397909329635,789298.3255788316,185,S4_twin_shock_cex_intervention,united_states,USDC
753,0.7716839617640159,769565.8674393607,185,S4_twin_shock_cex_intervention,united_states,USDC
754,0.6657848252808832,750326.7207533767,185,S4_twin_shock_cex_intervention,united_states,USDC
755,0.6887617994538102,731568.5527345423,185,S4_twin_shock_cex_intervention,united_states,USDC
756,0.706547227556681,713279.3389161787,185,S4_twin_shock_cex_intervention,united_states,USDC
757,0.7144446790383946,695447.3554432741,185,S4_twin_shock_cex_intervention,united_states,USDC
758,0.736473100342377,678061.1715571923,185,S4_twin_shock_cex_intervention,united_states,USDC
759,0.7418974631436208,661109.6422682626,185,S4_twin_shock_cex_intervention,united_states,USDC
760,0.7257726728639349,644581.9012115559,185,S4_twin_shock_cex_intervention,united_states,USDC
761,0.7571086909553618,628467.353681267,185,S4_twin_shock_cex_intervention,united_states,USDC
762,0.7523826732407292,612755.6698392353,185,S4_twin_shock_cex_intervention,united_states,USDC
763,0.7660752492708823,597436.7780932544,185,S4_twin_shock_cex_intervention,united_states,USDC
764,0.778389205977282,582500.8586409232,185,S4_twin_shock_cex_intervention,united_states,USDC
765,0.7747791374048143,567938.3371749001,185,S4_twin_shock_cex_intervention,united_states,USDC
766,0.7614001638866329,553739.8787455276,185,S4_twin_shock_cex_intervention,united_states,USDC
767,0.7684272378530713,539896.3817768894,185,S4_twin_shock_cex_intervention,united_states,USDC
768,0.7708091315458395,526398.9722324671,185,S4_twin_shock_cex_intervention,united_states,USDC
769,0.7814049111704943,513238.99792665546,185,S4_twin_shock_cex_intervention,united_states,USDC
770,0.8041130243997356,500408.02297848905,185,S4_twin_shock_cex_intervention,united_states,USDC
771,0.7977235943083321,487897.82240402675,185,S4_twin_shock_cex_intervention,united_states,USDC
772,0.7915488992445044,475700.37684392615,185,S4_twin_shock_cex_intervention,united_states,USDC
773,0.7838117037803795,463807.867422828,185,S4_twin_shock_cex_intervention,united_states,USDC
774,0.7826784753945377,452212.6707372572,185,S4_twin_shock_cex_intervention,united_states,USDC
775,0.7882746761707958,440907.35396882583,185,S4_twin_shock_cex_intervention,united_states,USDC
776,0.7885232467016653,429884.67011960514,185,S4_twin_shock_cex_intervention,united_states,USDC
777,0.7843971309140928,419137.5533666151,185,S4_twin_shock_cex_intervention,united_states,USDC
778,0.7653955022750023,408659.11453244963,185,S4_twin_shock_cex_intervention,united_states,USDC
779,0.7938504146396543,398442.6366691384,185,S4_twin_shock_cex_intervention,united_states,USDC
780,0.7844565955596793,388481.5707524099,185,S4_twin_shock_cex_intervention,united_states,USDC
781,0.7815802675100626,378769.5314835997,185,S4_twin_shock_cex_intervention,united_states,USDC
782,0.8036597566371293,369300.2931965097,185,S4_twin_shock_cex_intervention,united_states,USDC
783,0.8138366349842303,360067.78586659697,185,S4_twin_shock_cex_intervention,united_states,USDC
784,0.8059382333043217,351066.0912199321,185,S4_twin_shock_cex_intervention,united_states,USDC
785,0.798298124287283,342289.4389394337,185,S4_twin_shock_cex_intervention,united_states,USDC
786,0.7817774625081749,333732.20296594786,185,S4_twin_shock_cex_intervention,united_states,USDC
787,0.751616905572042,325388.8978917992,185,S4_twin_shock_cex_intervention,united_states,USDC
788,0.7628252723839415,317254.17544450425,185,S4_twin_shock_cex_intervention,united_states,USDC
789,0.756894507677496,309322.8210583916,185,S4_twin_shock_cex_intervention,united_states,USDC
790,0.7778548629296826,301589.7505319318,185,S4_twin_shock_cex_intervention,united_states,USDC
791,0.7995005319443846,294050.0067686335,185,S4_twin_shock_cex_intervention,united_states,USDC
792,0.7997778264689206,286698.75659941765,185,S4_twin_shock_cex_intervention,united_states,USDC
793,0.8082846053130104,279531.28768443223,185,S4_twin_shock_cex_intervention,united_states,USDC
794,0.8400374518834159,272543.00549232145,185,S4_twin_shock_cex_intervention,united_states,USDC
795,0.8198460335552012,265729.4303550134,185,S4_twin_shock_cex_intervention,united_states,USDC
796,0.8174428528732304,259086.19459613808,185,S4_twin_shock_cex_intervention,united_states,USDC
797,0.8102856695389393,252609.0397312346,185,S4_twin_shock_cex_intervention,united_states,USDC
798,0.8019269373502342,246293.81373795378,185,S4_twin_shock_cex_intervention,united_states,USDC
799,0.7785160654093363,240136.46839450492,185,S4_twin_shock_cex_intervention,united_states,USDC
800,0.7861474913954227,234133.05668464227,185,S4_twin_shock_cex_intervention,united_states,USDC
801,0.7957567367633899,228279.73026752623,185,S4_twin_shock_cex_intervention,united_states,USDC
802,0.8006604376739092,222572.73701083806,185,S4_twin_shock_cex_intervention,united_states,USDC
803,0.7870197910717602,217008.4185855671,185,S4_twin_shock_cex_intervention,united_states,USDC
804,0.780410262835888,211583.2081209279,185,S4_twin_shock_cex_intervention,united_states,USDC
805,0.7853796229493674,206293.6279179047,185,S4_twin_shock_cex_intervention,united_states,USDC
806,0.7795745123901987,201136.2872199571,185,S4_twin_shock_cex_intervention,united_states,USDC
807,0.7662007426736566,196107.88003945816,185,S4_twin_shock_cex_intervention,united_states,USDC
808,0.7610342008493133,191205.18303847173,185,S4_twin_shock_cex_intervention,united_states,USDC
809,0.7555877030497319,186425.05346250994,185,S4_twin_shock_cex_intervention,united_states,USDC
810,0.7345656992825941,181764.4271259472,185,S4_twin_shock_cex_intervention,united_states,USDC
811,0.7274946193274667,177220.3164477985,185,S4_twin_shock_cex_intervention,united_states,USDC
812,0.7432069952735558,172789.80853660358,185,S4_twin_shock_cex_intervention,united_states,USDC
813,0.7346717326897786,168470.06332318846,185,S4_twin_shock_cex_intervention,united_states,USDC
814,0.7323610114083003,164258.31174010874,185,S4_twin_shock_cex_intervention,united_states,USDC
815,0.747646292695993,160151.85394660605,185,S4_twin_shock_cex_intervention,united_states,USDC
816,0.7638184628918447,156148.05759794087,185,S4_twin_shock_cex_intervention,united_states,USDC
817,0.7419599179740906,152244.35615799236,185,S4_twin_shock_cex_intervention,united_states,USDC
818,0.765739143906092,148438.24725404254,185,S4_twin_shock_cex_intervention,united_states,USDC
819,0.7709004092803846,144727.2910726915,185,S4_twin_shock_cex_intervention,united_states,USDC
820,0.7818738935422661,141109.1087958742,185,S4_twin_shock_cex_intervention,united_states,USDC
821,0.7796488127231833,137581.38107597735,185,S4_twin_shock_cex_intervention,united_states,USDC
822,0.7415764550189701,134141.8465490779,185,S4_twin_shock_cex_intervention,united_states,USDC
823,0.743135109873993,130788.30038535094,185,S4_twin_shock_cex_intervention,united_states,USDC
824,0.739228818281505,127518.59287571718,185,S4_twin_shock_cex_intervention,united_states,USDC
825,0.7442584330492729,124330.62805382426,185,S4_twin_shock_cex_intervention,united_states,USDC
826,0.7363574810754255,121222.36235247867,185,S4_twin_shock_cex_intervention,united_states,USDC
827,0.7358306002522186,118191.80329366669,185,S4_twin_shock_cex_intervention,united_states,USDC
828,0.7306579778360864,115237.00821132502,185,S4_twin_shock_cex_intervention,united_states,USDC
829,0.7358272617024365,112356.08300604188,185,S4_twin_shock_cex_intervention,united_states,USDC
830,0.7524583160882562,109547.18093089086,185,S4_twin_shock_cex_intervention,united_states,USDC
831,0.7761704226943942,106808.50140761858,185,S4_twin_shock_cex_intervention,united_states,USDC
832,0.7749744256588216,104138.28887242812,185,S4_twin_shock_cex_intervention,united_states,USDC
833,0.7663932087815243,101534.83165061742,185,S4_twin_shock_cex_intervention,united_states,USDC
834,0.757772420011089,98996.460859352,185,S4_twin_shock_cex_intervention,united_states,USDC
835,0.782448715824001,96521.54933786819,185,S4_twin_shock_cex_intervention,united_states,USDC
836,0.7893417293951428,94108.51060442148,185,S4_twin_shock_cex_intervention,united_states,USDC
837,0.806911741580574,91755.79783931094,185,S4_twin_shock_cex_intervention,united_states,USDC
838,0.8052168946250315,89461.90289332817,185,S4_twin_shock_cex_intervention,united_states,USDC
839,0.7942726096851593,87225.35532099498,185,S4_twin_shock_cex_intervention,united_states,USDC
840,0.7815337505535541,85044.72143797009,185,S4_twin_shock_cex_intervention,united_states,USDC
841,0.808204781229007,82918.60340202085,185,S4_twin_shock_cex_intervention,united_states,USDC
842,0.8396748871361065,80845.63831697032,185,S4_twin_shock_cex_intervention,united_states,USDC
843,0.838534303222623,78824.49735904606,185,S4_twin_shock_cex_intervention,united_states,USDC
844,0.8106583955746186,76853.88492506991,185,S4_twin_shock_cex_intervention,united_states,USDC
845,0.8171756725397904,74932.53780194315,185,S4_twin_shock_cex_intervention,united_states,USDC
846,0.8147849847584487,73059.22435689459,185,S4_twin_shock_cex_intervention,united_states,USDC
847,0.7939567052678069,71232.74374797221,185,S4_twin_shock_cex_intervention,united_states,USDC
848,0.7943721105738883,69451.9251542729,185,S4_twin_shock_cex_intervention,united_states,USDC
849,0.8214046223242073,67715.62702541609,185,S4_twin_shock_cex_intervention,united_states,USDC
850,0.8152914459790671,66022.73634978068,185,S4_twin_shock_cex_intervention,united_states,USDC
851,0.8085015889123384,64372.16794103617,185,S4_twin_shock_cex_intervention,united_states,USDC
852,0.805015465418762,62762.863742510264,185,S4_twin_shock_cex_intervention,united_states,USDC
853,0.8133555282628157,61193.7921489475,185,S4_twin_shock_cex_intervention,united_states,USDC
854,0.8130374524095245,59663.947345223816,185,S4_twin_shock_cex_intervention,united_states,USDC
855,0.7905586609034091,58172.34866159322,185,S4_twin_shock_cex_intervention,united_states,USDC
856,0.7612911482279234,56718.039945053395,185,S4_twin_shock_cex_intervention,united_states,USDC
857,0.7580888519989182,55300.08894642706,185,S4_twin_shock_cex_intervention,united_states,USDC
858,0.7510035132517088,53917.586722766384,185,S4_twin_shock_cex_intervention,united_states,USDC
859,0.7678855024374928,52569.64705469722,185,S4_twin_shock_cex_intervention,united_states,USDC
860,0.7538751151627754,51255.405878329795,185,S4_twin_shock_cex_intervention,united_states,USDC
861,0.7541628044010957,49974.02073137155,185,S4_twin_shock_cex_intervention,united_states,USDC
862,0.7647833605347406,48724.67021308726,185,S4_twin_shock_cex_intervention,united_states,USDC
863,0.7665444635895693,47506.55345776008,185,S4_twin_shock_cex_intervention,united_states,USDC
864,0.7582668025459307,46318.88962131608,185,S4_twin_shock_cex_intervention,united_states,USDC
865,0.7706929738749381,45160.917380783176,185,S4_twin_shock_cex_intervention,united_states,USDC
866,0.7732755314297549,44031.89444626359,185,S4_twin_shock_cex_intervention,united_states,USDC
867,0.7786901192342399,42931.097085107,185,S4_twin_shock_cex_intervention,united_states,USDC
868,0.7901169027894719,41857.81965797933,185,S4_twin_shock_cex_intervention,united_states,USDC
869,0.789366948335225,40811.374166529844,185,S4_twin_shock_cex_intervention,united_states,USDC
870,0.777200165491306,39791.0898123666,185,S4_twin_shock_cex_intervention,united_states,USDC
871,0.7775383029394455,38796.31256705744,185,S4_twin_shock_cex_intervention,united_states,USDC
872,0.7936513834318222,37826.404752881,185,S4_twin_shock_cex_intervention,united_states,USDC
873,0.810414142878034,36880.744634058974,185,S4_twin_shock_cex_intervention,united_states,USDC
874,0.8133915231504341,35958.7260182075,185,S4_twin_shock_cex_intervention,united_states,USDC
875,0.8135444664282527,35059.75786775231,185,S4_twin_shock_cex_intervention,united_states,USDC
876,0.7985119252377776,34183.263921058504,185,S4_twin_shock_cex_intervention,united_states,USDC
877,0.7940891011544536,33328.682323032044,185,S4_twin_shock_cex_intervention,united_states,USDC
878,0.7745502701816608,32495.46526495624,185,S4_twin_shock_cex_intervention,united_states,USDC
879,0.7506526586489662,31683.078633332327,185,S4_twin_shock_cex_intervention,united_states,USDC
880,0.7567184434388534,30891.001667499022,185,S4_twin_shock_cex_intervention,united_states,USDC
881,0.8019135594623952,30118.72662581155,185,S4_twin_shock_cex_intervention,united_states,USDC
882,0.8129513706854227,29365.75846016626,185,S4_twin_shock_cex_intervention,united_states,USDC
883,0.8210306012233495,28631.614498662104,185,S4_twin_shock_cex_intervention,united_states,USDC
884,0.8061097624393238,27915.82413619555,185,S4_twin_shock_cex_intervention,united_states,USDC
885,0.7823418883355958,27217.928532790662,185,S4_twin_shock_cex_intervention,united_states,USDC
886,0.7628200467831436,26537.480319470895,185,S4_twin_shock_cex_intervention,united_states,USDC
887,0.7350879570896608,25874.043311484125,185,S4_twin_shock_cex_intervention,united_states,USDC
888,0.7529722292365502,25227.192228697022,185,S4_twin_shock_cex_intervention,united_states,USDC
889,0.7700218380525465,24596.512422979595,185,S4_twin_shock_cex_intervention,united_states,USDC
890,0.7769760288827722,23981.5996124051,185,S4_twin_shock_cex_intervention,united_states,USDC
891,0.7736947187173256,23382.059622094974,185,S4_twin_shock_cex_intervention,united_states,USDC
892,0.7663793443628827,22797.5081315426,185,S4_twin_shock_cex_intervention,united_states,USDC
893,0.7779595876459781,22227.570428254036,185,S4_twin_shock_cex_intervention,united_states,USDC
894,0.7591409980707711,21671.881167547686,185,S4_twin_shock_cex_intervention,united_states,USDC
895,0.748011415652966,21130.084138358994,185,S4_twin_shock_cex_intervention,united_states,USDC
896,0.7249345359293312,20601.832034900017,185,S4_twin_shock_cex_intervention,united_states,USDC
897,0.711950188038633,20086.78623402752,185,S4_twin_shock_cex_intervention,united_states,USDC
898,0.7112156417025233,19584.61657817683,185,S4_twin_shock_cex_intervention,united_states,USDC
899,0.7177993181066363,19095.00116372241,185,S4_twin_shock_cex_intervention,united_states,USDC
900,0.7454643331739488,18617.62613462935,185,S4_twin_shock_cex_intervention,united_states,USDC
901,0.745994367430692,18152.185481263616,185,S4_twin_shock_cex_intervention,united_states,USDC
902,0.759949277033391,17698.380844232026,185,S4_twin_shock_cex_intervention,united_states,USDC
903,0.7758620767862878,17255.921323126226,185,S4_twin_shock_cex_intervention,united_states,USDC
904,0.7857111129316743,16824.52329004807,185,S4_twin_shock_cex_intervention,united_states,USDC
905,0.7838184432569559,16403.910207796864,185,S4_twin_shock_cex_intervention,united_states,USDC
906,0.7934399615554882,15993.812452601942,185,S4_twin_shock_cex_intervention,united_states,USDC
907,0.7851396829303355,15593.967141286896,185,S4_twin_shock_cex_intervention,united_states,USDC
908,0.7539401269061832,15204.11796275472,185,S4_twin_shock_cex_intervention,united_states,USDC
909,0.7664437682452373,14824.015013685854,185,S4_twin_shock_cex_intervention,united_states,USDC
910,0.7669997883761719,14453.414638343707,185,S4_twin_shock_cex_intervention,united_states,USDC
911,0.7741145591576831,14092.079272385115,185,S4_twin_shock_cex_intervention,united_states,USDC
912,0.7646874685739268,13739.777290575486,185,S4_twin_shock_cex_intervention,united_states,USDC
913,0.7519980508177904,13396.2828583111,185,S4_twin_shock_cex_intervention,united_states,USDC
914,0.7534451985523359,13061.375786853323,185,S4_twin_shock_cex_intervention,united_states,USDC
915,0.769908757058217,12734.841392181988,185,S4_twin_shock_cex_intervention,united_states,USDC
916,0.7770217101513384,12416.470357377439,185,S4_twin_shock_cex_intervention,united_states,USDC
917,0.7460701193429653,12106.058598443004,185,S4_twin_shock_cex_intervention,united_states,USDC
918,0.7443388712913435,11803.40713348193,185,S4_twin_shock_cex_intervention,united_states,USDC
919,0.7613705337000445,11508.321955144882,185,S4_twin_shock_cex_intervention,united_states,USDC
920,0.766493016852705,11220.613906266259,185,S4_twin_shock_cex_intervention,united_states,USDC
921,0.7522843515695747,10940.098558609603,185,S4_twin_shock_cex_intervention,united_states,USDC
922,0.7504017128029832,10666.596094644361,185,S4_twin_shock_cex_intervention,united_states,USDC
923,0.7707462884335661,10399.931192278253,185,S4_twin_shock_cex_intervention,united_states,USDC
924,0.7780176936939964,10139.932912471297,185,S4_twin_shock_cex_intervention,united_states,USDC
925,0.7740311994539789,9886.434589659515,185,S4_twin_shock_cex_intervention,united_states,USDC
926,0.7744953471689158,9639.273724918026,185,S4_twin_shock_cex_intervention,united_states,USDC
927,0.759424937888729,9398.291881795076,185,S4_twin_shock_cex_intervention,united_states,USDC
928,0.7717328103856748,9163.334584750199,185,S4_twin_shock_cex_intervention,united_states,USDC
929,0.7883067185545076,8934.251220131444,185,S4_twin_shock_cex_intervention,united_states,USDC
930,0.8075486054940316,8710.894939628157,185,S4_twin_shock_cex_intervention,united_states,USDC
931,0.7802353611258522,8493.122566137454,185,S4_twin_shock_cex_intervention,united_states,USDC
932,0.7816826108203797,8280.794501984019,185,S4_twin_shock_cex_intervention,united_states,USDC
933,0.7808938808002381,8073.774639434418,185,S4_twin_shock_cex_intervention,united_states,USDC
934,0.780964136900685,7871.930273448557,185,S4_twin_shock_cex_intervention,united_states,USDC
935,0.7564190011828675,7675.132016612343,185,S4_twin_shock_cex_intervention,united_states,USDC
936,0.7555034913700166,7483.253716197034,185,S4_twin_shock_cex_intervention,united_states,USDC
937,0.7724455800370487,7296.172373292109,185,S4_twin_shock_cex_intervention,united_states,USDC
938,0.7545688868663513,7113.768063959806,185,S4_twin_shock_cex_intervention,united_states,USDC
939,0.7723614501845734,6935.923862360812,185,S4_twin_shock_cex_intervention,united_states,USDC
940,0.8063429431773576,6762.525765801791,185,S4_twin_shock_cex_intervention,united_states,USDC
941,0.8275706946924285,6593.462621656748,185,S4_twin_shock_cex_intervention,united_states,USDC
942,0.7915485085514232,6428.6260561153285,185,S4_twin_shock_cex_intervention,united_states,USDC
943,0.7993507366543733,6267.910404712446,185,S4_twin_shock_cex_intervention,united_states,USDC
944,0.8019090837992756,6111.212644594634,185,S4_twin_shock_cex_intervention,united_states,USDC
945,0.6802677751529749,5958.432328479768,185,S4_twin_shock_cex_intervention,united_states,USDC
946,0.6868198504177242,5809.471520267774,185,S4_twin_shock_cex_intervention,united_states,USDC
947,0.6994099844947441,5664.23473226108,185,S4_twin_shock_cex_intervention,united_states,USDC
948,0.7128312240721444,5522.628863954553,185,S4_twin_shock_cex_intervention,united_states,USDC
949,0.726976093020687,5384.563142355689,185,S4_twin_shock_cex_intervention,united_states,USDC
950,0.7476267191246878,5249.9490637967965,185,S4_twin_shock_cex_intervention,united_states,USDC
951,0.7335062320345223,5118.700337201877,185,S4_twin_shock_cex_intervention,united_states,USDC
952,0.7617431947231149,4990.732828771829,185,S4_twin_shock_cex_intervention,united_states,USDC
953,0.7784016168666323,4865.964508052533,185,S4_twin_shock_cex_intervention,united_states,USDC
954,0.7825141172352036,4744.31539535122,185,S4_twin_shock_cex_intervention,united_states,USDC
955,0.7784233826606419,4625.70751046744,185,S4_twin_shock_cex_intervention,united_states,USDC
956,0.7882977975715912,4510.064822705754,185,S4_twin_shock_cex_intervention,united_states,USDC
957,0.7909914707950504,4397.31320213811,185,S4_twin_shock_cex_intervention,united_states,USDC
958,0.7896014886481535,4287.380372084657,185,S4_twin_shock_cex_intervention,united_states,USDC
959,0.8224930758316286,4180.195862782541,185,S4_twin_shock_cex_intervention,united_states,USDC
960,0.828833767398405,4075.6909662129774,185,S4_twin_shock_cex_intervention,united_states,USDC
961,0.8038345522195655,3973.798692057653,185,S4_twin_shock_cex_intervention,united_states,USDC
962,0.7957617066665393,3874.453724756211,185,S4_twin_shock_cex_intervention,united_states,USDC
963,0.7737051573297173,3777.592381637306,185,S4_twin_shock_cex_intervention,united_states,USDC
964,0.7741602219733374,3683.1525720963737,185,S4_twin_shock_cex_intervention,united_states,USDC
965,0.7869708434773888,3591.0737577939635,185,S4_twin_shock_cex_intervention,united_states,USDC
966,0.7555714040927837,3501.2969138491153,185,S4_twin_shock_cex_intervention,united_states,USDC
967,0.7712224499630899,3413.7644910028866,185,S4_twin_shock_cex_intervention,united_states,USDC
968,0.7703263349180369,3328.4203787278148,185,S4_twin_shock_cex_intervention,united_states,USDC
969,0.6779689405440024,3245.2098692596196,185,S4_twin_shock_cex_intervention,united_states,USDC
970,0.7071639593208259,3164.079622528129,185,S4_twin_shock_cex_intervention,united_states,USDC
971,0.717518638594496,3084.9776319649254,185,S4_twin_shock_cex_intervention,united_states,USDC
972,0.7420617510472777,3007.853191165803,185,S4_twin_shock_cex_intervention,united_states,USDC
973,0.7506591351390173,2932.656861386658,185,S4_twin_shock_cex_intervention,united_states,USDC
974,0.7691176478033317,2859.3404398519915,185,S4_twin_shock_cex_intervention,united_states,USDC
975,0.7936376801939174,2787.8569288556914,185,S4_twin_shock_cex_intervention,united_states,USDC
976,0.7989448956430352,2718.1605056342996,185,S4_twin_shock_cex_intervention,united_states,USDC
977,0.7878612437057904,2650.206492993442,185,S4_twin_shock_cex_intervention,united_states,USDC
978,0.8046792090339425,2583.951330668606,185,S4_twin_shock_cex_intervention,united_states,USDC
979,0.7946456714573398,2519.3525474018907,185,S4_twin_shock_cex_intervention,united_states,USDC
980,0.7941040644423571,2456.368733716843,185,S4_twin_shock_cex_intervention,united_states,USDC
981,0.7996360404392185,2394.959515373922,185,S4_twin_shock_cex_intervention,united_states,USDC
982,0.7958835266724071,2335.085527489574,185,S4_twin_shock_cex_intervention,united_states,USDC
983,0.803576720982116,2276.7083893023346,185,S4_twin_shock_cex_intervention,united_states,USDC
984,0.7772614173804068,2219.7906795697763,185,S4_twin_shock_cex_intervention,united_states,USDC
985,0.7898110731270561,2164.295912580532,185,S4_twin_shock_cex_intervention,united_states,USDC
986,0.7793055929200778,2110.1885147660187,185,S4_twin_shock_cex_intervention,united_states,USDC
987,0.7957113182438339,2057.433801896868,185,S4_twin_shock_cex_intervention,united_states,USDC
988,0.8140848180001323,2005.9979568494464,185,S4_twin_shock_cex_intervention,united_states,USDC
989,0.8049081243438398,1955.8480079282103,185,S4_twin_shock_cex_intervention,united_states,USDC
990,0.8062585910692914,1906.951807730005,185,S4_twin_shock_cex_intervention,united_states,USDC
991,0.8185520117863739,1859.2780125367547,185,S4_twin_shock_cex_intervention,united_states,USDC
992,0.8347221644027114,1812.7960622233359,185,S4_twin_shock_cex_intervention,united_states,USDC
993,0.8680895517441833,1767.4761606677525,185,S4_twin_shock_cex_intervention,united_states,USDC
994,0.8614849519951278,1723.2892566510588,185,S4_twin_shock_cex_intervention,united_states,USDC
995,0.8528067241605778,1680.2070252347823,185,S4_twin_shock_cex_intervention,united_states,USDC
996,0.8352845460781919,1638.2018496039127,185,S4_twin_shock_cex_intervention,united_states,USDC
997,0.8280751003330711,1597.2468033638147,185,S4_twin_shock_cex_intervention,united_states,USDC
998,0.8311755742598596,1557.3156332797198,185,S4_twin_shock_cex_intervention,united_states,USDC
999,0.8366577339623138,1518.3827424477265,185,S4_twin_shock_cex_intervention,united_states,USDC
1000,0.8374443294488939,1480.4231738865333,185,S4_twin_shock_cex_intervention,united_states,USDC
